	file-startTime	file-deviceID	quality-goodCalibration	quality-goodWearTime	quality-daylightSavingsCrossover
1396364	2013-10-28 10:00:06	4778	1.0	1	0.0
1930596	2015-11-19 10:00:05	10035	1.0	1	0.0
6010226	2013-06-03 10:00:06	2622	1.0	1	0.0
2144346	2013-12-06 10:00:02	4276	1.0	1	1.0
5991187	2014-07-26 10:00:03	2048	1.0	1	0.0
2561710	2015-08-06 10:00:06	2903	1.0	1	0.0
2852900	2015-05-29 10:00:03	4970	1.0	1	0.0
1345124	2014-10-20 10:00:06	4332	1.0	1	0.0
3901969	2014-04-05 10:00:05	3598	1.0	1	0.0
4721799	2015-11-21 10:00:05	4636	1.0	1	0.0
2682926	2015-05-01 10:00:04	14645	1.0	1	0.0
3261019	2015-07-15 10:00:03	4179	1.0	1	0.0
1911499	2014-11-10 10:00:06	4751	1.0	1	0.0
3026005	2015-12-11 10:00:05	15827	1.0	1	0.0
1586418	2013-10-24 10:00:05	16436	1.0	1	0.0
2029011	2015-12-07 10:00:02	3993	1.0	1	0.0
5628982	2013-07-04 10:00:05	3778	1.0	1	0.0
2755038	2015-05-15 10:00:05	2411	1.0	1	0.0
2852946	2015-04-08 10:00:06	10132	0.0	1	0.0
5494443	2015-02-14 10:00:07	15248	1.0	1	0.0
3736077	2014-06-28 10:00:05	10318	1.0	0	0.0
1398710	2014-01-13 10:00:05	2024	1.0	1	0.0
5262453	2014-05-14 10:00:02	15968	1.0	1	0.0
2366073	2015-09-12 10:00:03	3484	1.0	1	0.0
2413524	2015-04-15 10:00:04	16069	1.0	1	0.0
2230344	2015-06-04 10:00:07	10643	1.0	1	0.0
1592699	2014-07-05 10:00:04	3673	1.0	1	0.0
1394157	2015-04-27 10:00:06	15788	1.0	0	0.0
1967796	2014-07-21 10:00:05	15993	1.0	1	0.0
3476870	2014-02-14 10:00:05	2821	1.0	1	0.0
3187086	2014-07-16 10:00:06	3252	1.0	1	0.0
1717095	2015-09-21 10:00:06	3546	1.0	1	0.0
4499149	2014-10-15 10:00:04	3276	1.0	1	1.0
1740621	2015-04-16 10:00:07	10369	1.0	1	0.0
3523096	2015-08-08 10:00:03	3262	1.0	1	1.0
5862905	2013-11-18 10:00:02	4358	1.0	1	0.0
2577544	2014-12-12 10:00:03	2768	0.0	1	0.0
4465224	2015-07-29 10:00:05	2643	0.0	1	0.0
5546465	2015-04-11 10:00:06	15249	1.0	1	0.0
5414132	2014-01-13 10:00:03	3790	1.0	1	0.0
3596244	2015-11-05 10:00:04	15455	1.0	0	0.0
1645760	2014-09-19 10:00:04	16400	1.0	1	0.0
1071787	2015-03-02 10:00:05	10148	1.0	0	1.0
3508311	2014-03-21 10:00:06	2138	1.0	0	0.0
1568812	2015-11-07 10:00:06	4293	1.0	1	0.0
3945979	2015-02-13 10:00:05	3427	1.0	1	0.0
2366708	2015-08-29 10:00:02	3523	1.0	1	0.0
1761335	2015-07-31 10:00:05	2083	1.0	1	0.0
1092871	2013-09-12 10:00:04	3010	1.0	1	0.0
2792621	2014-10-06 10:00:02	16364	1.0	1	0.0
5907267	2014-04-12 10:00:02	3358	1.0	1	0.0
2562621	2015-06-22 10:00:05	16066	1.0	1	0.0
4786043	2015-07-24 10:00:06	10134	1.0	1	0.0
5026267	2015-08-14 10:00:04	2110	1.0	1	0.0
1281125	2014-04-10 10:00:04	15389	1.0	1	0.0
2092715	2013-08-03 10:00:07	16050	1.0	1	0.0
2232904	2014-06-27 10:00:07	2374	1.0	1	0.0
3029386	2014-04-05 10:00:07	10357	1.0	1	0.0
5902782	2013-11-13 10:00:05	3178	1.0	1	0.0
4262474	2014-07-05 10:00:04	16349	1.0	1	0.0
4465533	2015-07-15 10:00:05	2262	1.0	1	0.0
3299606	2014-09-12 10:00:05	1340	1.0	1	0.0
5582896	2015-05-09 10:00:03	15618	1.0	1	0.0
4321668	2014-12-15 10:00:07	3553	1.0	1	0.0
3271002	2015-08-28 10:00:07	4242	1.0	1	0.0
5013582	2015-03-30 10:00:05	4302	1.0	1	0.0
3491573	2014-09-08 10:00:02	4601	0.0	0	0.0
3525994	2015-10-08 10:00:03	2176	1.0	1	0.0
1346705	2014-04-14 10:00:05	4330	1.0	1	1.0
2138748	2015-01-10 10:00:04	10449	1.0	1	0.0
4783495	2015-04-17 10:00:03	4718	1.0	1	0.0
5640093	2014-08-16 10:00:06	16258	1.0	1	0.0
1118806	2014-04-24 10:00:04	3244	1.0	1	0.0
1569371	2014-05-29 10:00:03	10365	1.0	1	0.0
4787962	2014-07-14 10:00:02	1170	1.0	0	0.0
5640252	2014-10-31 10:00:03	15249	1.0	1	0.0
5554515	2014-12-20 10:00:05	2435	1.0	1	0.0
3936924	2015-07-24 10:00:03	3916	1.0	1	0.0
1511261	2013-07-17 10:00:03	3792	1.0	1	0.0
4033874	2014-02-24 10:00:04	15572	1.0	0	0.0
4483185	2013-10-26 10:00:04	4641	1.0	1	0.0
5126335	2015-01-26 10:00:03	16096	1.0	1	0.0
3482670	2014-04-23 10:00:03	15453	1.0	1	0.0
3055357	2014-08-29 10:00:06	2382	1.0	1	0.0
5560029	2014-03-20 10:00:03	3145	1.0	1	0.0
3372274	2014-05-29 10:00:03	2716	1.0	1	0.0
4911980	2015-03-06 10:00:04	2734	1.0	1	0.0
5559455	2014-05-30 10:00:04	10170	0.0	1	0.0
2816458	2013-12-19 10:00:06	3378	1.0	1	0.0
2626136	2015-02-04 10:00:05	1429	1.0	1	0.0
3774138	2014-09-26 10:00:04	4529	1.0	1	0.0
5658961	2015-12-05 10:00:05	2110	1.0	1	0.0
1966844	2013-11-16 10:00:07	10236	1.0	1	0.0
5823754	2015-10-15 10:00:07	16189	1.0	1	0.0
1990869	2013-10-19 10:00:02	4686	1.0	1	0.0
2536767	2015-10-24 10:00:06	4088	1.0	1	0.0
4485643	2014-01-13 10:00:04	15722	1.0	1	0.0
2168223	2014-09-08 10:00:05	10495	1.0	1	0.0
5314000	2015-09-14 10:00:07	16183	1.0	1	0.0
1726651	2015-11-05 10:00:04	16504	1.0	1	0.0
1194512	2015-08-26 10:00:07	2590	1.0	1	0.0
4384036	2015-02-07 10:00:02	2438	1.0	1	0.0
4984659	2014-10-15 10:00:04	10204	1.0	1	0.0
4489551	2015-09-12 10:00:04	16083	1.0	1	0.0
2910134	2013-08-08 10:00:04	10650	1.0	1	0.0
3473492	2014-05-19 10:00:03	2587	1.0	1	0.0
4295601	2015-03-16 10:00:04	3478	1.0	1	0.0
4472401	2015-03-21 10:00:05	15885	1.0	1	0.0
4491000	2015-06-18 10:00:05	14773	0.0	1	0.0
1983255	2014-06-02 10:00:02	4979	1.0	1	0.0
5773913	2015-11-11 10:00:07	4308	1.0	1	0.0
1851763	2014-12-05 10:00:07	4153	1.0	0	0.0
5184231	2015-09-25 10:00:05	16111	1.0	1	0.0
5769887	2013-07-17 10:00:04	13559	1.0	1	0.0
4681577	2015-05-13 10:00:04	4229	1.0	1	0.0
2527298	2013-10-28 10:00:06	16172	0.0	1	0.0
3202990	2014-11-20 10:00:02	4046	1.0	1	0.0
4680201	2015-07-03 10:00:07	4618	1.0	1	0.0
3830903	2015-03-12 10:00:04	15666	1.0	1	0.0
3399839	2015-05-20 10:00:03	15583	1.0	1	0.0
4804526	2015-08-06 10:00:02	3281	1.0	1	0.0
2961804	2015-06-26 10:00:05	3645	1.0	1	0.0
5054806	2015-10-03 10:00:03	4349	1.0	1	0.0
1849869	2013-08-19 10:00:04	2488	1.0	1	0.0
5969373	2015-07-13 10:00:03	3320	1.0	1	0.0
3361628	2015-02-27 10:00:04	4981	1.0	1	0.0
3698934	2013-08-21 10:00:04	3021	1.0	0	0.0
4098948	2015-10-30 10:00:05	2235	1.0	1	0.0
2693087	2014-12-15 10:00:03	3854	1.0	1	0.0
2147920	2013-11-23 10:00:05	2256	1.0	1	0.0
4588074	2014-05-27 10:00:04	15374	1.0	1	0.0
1532149	2015-08-19 10:00:05	3964	1.0	1	0.0
3387148	2013-07-10 10:00:03	15949	1.0	1	0.0
1778976	2014-04-04 10:00:04	15408	1.0	1	0.0
2735264	2015-01-15 10:00:05	14734	1.0	1	0.0
2742761	2015-07-18 10:00:05	2335	1.0	1	0.0
4002366	2014-04-14 10:00:05	2852	1.0	1	0.0
5243124	2014-11-15 10:00:04	15812	0.0	1	0.0
2295505	2014-05-14 10:00:02	2447	1.0	1	0.0
3198988	2015-03-19 10:00:06	2743	1.0	1	0.0
5316931	2015-11-20 10:00:05	16420	1.0	1	0.0
2744553	2014-02-26 10:00:07	2048	1.0	1	0.0
5467052	2014-05-01 10:00:06	15728	1.0	1	0.0
3152369	2013-06-01 10:00:02	4773	1.0	1	0.0
2077305	2014-06-21 10:00:03	10428	1.0	1	0.0
2694720	2013-08-30 10:00:07	15831	1.0	1	0.0
1790308	2015-02-27 10:00:04	4816	1.0	1	0.0
4991988	2014-01-24 10:00:03	4337	1.0	1	0.0
4889190	2013-12-16 10:00:02	15243	1.0	1	0.0
2396930	2013-07-20 10:00:05	3413	1.0	1	0.0
1298357	2014-10-02 10:00:04	15586	1.0	1	0.0
5328065	2014-08-02 10:00:07	15807	1.0	1	0.0
5093967	2015-03-04 10:00:02	16442	1.0	1	0.0
1889567	2013-10-09 10:00:02	2347	1.0	1	0.0
1796814	2013-12-06 10:00:05	16160	1.0	1	0.0
3062772	2015-06-11 10:00:02	4959	1.0	1	0.0
2319130	2014-06-18 10:00:05	3675	1.0	1	0.0
2964855	2014-11-26 10:00:04	4041	1.0	1	0.0
4242279	2014-12-20 10:00:07	3369	1.0	1	0.0
3387618	2014-11-21 10:00:06	4074	1.0	1	0.0
3878711	2014-09-15 10:00:06	2295	1.0	1	0.0
3266285	2014-11-14 10:00:04	4342	1.0	1	0.0
5020284	2015-10-01 10:00:07	17430	1.0	1	0.0
5575452	2014-09-15 10:00:07	10650	1.0	1	0.0
4475989	2015-05-22 10:00:04	4274	1.0	1	0.0
1350661	2014-08-05 10:00:06	4636	1.0	1	0.0
3408889	2013-11-08 10:00:05	4026	1.0	1	0.0
1254954	2014-04-23 10:00:02	16270	1.0	1	0.0
4193387	2015-05-09 10:00:03	4190	1.0	1	0.0
5810640	2014-09-01 10:00:07	4207	1.0	1	0.0
3735456	2014-09-29 10:00:05	4938	1.0	0	0.0
3270944	2013-06-03 10:00:04	16267	1.0	1	0.0
5099723	2015-03-26 10:00:02	14207	1.0	1	0.0
5337195	2014-03-17 10:00:06	4681	1.0	1	0.0
1377956	2015-09-19 10:00:05	1882	1.0	1	0.0
2956388	2015-04-08 10:00:03	3356	1.0	1	0.0
2625426	2014-11-08 10:00:03	2732	1.0	1	0.0
1558737	2014-12-08 10:00:06	14703	1.0	1	0.0
3642470	2014-10-31 10:00:07	10161	1.0	1	0.0
2584211	2014-02-08 10:00:05	4527	1.0	1	0.0
4866786	2014-11-19 10:00:05	3729	1.0	1	0.0
4480102	2015-03-27 10:00:03	3869	1.0	1	0.0
3567523	2014-04-23 10:00:07	3374	1.0	1	0.0
2252292	2014-09-08 10:00:04	3147	1.0	1	0.0
1378441	2015-04-07 10:00:02	16525	1.0	1	1.0
4150726	2014-06-16 10:00:07	10212	1.0	1	0.0
5154254	2014-07-19 10:00:04	10058	1.0	1	0.0
3452617	2014-03-08 10:00:04	4097	1.0	1	0.0
3966192	2013-11-08 10:00:04	2181	0.0	1	0.0
4535654	2015-01-17 10:00:03	2382	1.0	1	0.0
3457976	2014-03-10 10:00:07	15783	1.0	1	0.0
5553204	2014-09-20 10:00:03	3230	1.0	1	0.0
2660733	2014-03-31 10:00:06	1515	1.0	0	0.0
2007757	2014-09-11 10:00:03	4683	1.0	1	0.0
1131014	2014-09-25 10:00:03	4697	1.0	1	0.0
5776876	2015-10-03 10:00:04	2622	1.0	1	0.0
2267412	2014-01-29 10:00:02	4325	1.0	1	0.0
5110840	2015-12-21 10:00:06	16469	1.0	1	0.0
4186186	2015-01-14 10:00:02	10360	1.0	1	0.0
2709220	2015-08-26 10:00:06	15374	1.0	1	0.0
3891292	2015-06-26 10:00:05	4595	1.0	1	0.0
4709608	2014-06-27 10:00:03	3764	1.0	1	0.0
2405780	2015-01-12 10:00:04	10288	1.0	0	0.0
1807916	2015-03-27 10:00:04	10466	1.0	1	0.0
4250541	2014-05-08 10:00:02	4790	1.0	1	0.0
1674714	2014-11-22 10:00:02	4329	1.0	1	0.0
5528030	2015-07-18 10:00:05	4220	1.0	0	1.0
2119502	2015-01-30 10:00:04	16487	1.0	1	0.0
2275988	2015-05-21 10:00:07	3413	1.0	1	0.0
2108712	2014-05-14 10:00:04	3712	1.0	1	0.0
5626585	2014-02-10 10:00:03	15822	1.0	1	0.0
5088382	2015-01-09 10:00:07	2173	1.0	1	0.0
4089661	2014-10-31 09:59:10	15411	1.0	1	0.0
4382371	2015-04-20 10:00:04	2023	1.0	1	0.0
2392514	2015-01-26 10:00:04	4390	1.0	1	1.0
5067093	2015-02-16 10:00:04	3770	1.0	1	0.0
3283618	2014-05-19 10:00:07	4350	1.0	0	0.0
2204954	2014-08-15 10:00:06	14637	1.0	1	0.0
1465523	2015-10-31 10:00:07	4222	1.0	1	0.0
3556148	2015-07-22 10:00:07	3312	1.0	1	0.0
4031130	2014-01-25 10:00:04	15455	1.0	1	0.0
1589372	2015-06-24 10:00:07	2450	1.0	0	0.0
1367290	2014-04-28 10:00:03	2862	1.0	1	0.0
5633460	2013-11-22 10:00:05	15537	1.0	1	0.0
5546362	2014-05-27 09:59:02	1170	1.0	1	0.0
5600488	2015-08-28 10:00:05	4018	1.0	1	0.0
5778350	2015-01-21 09:59:04	16337	1.0	1	0.0
5831680	2015-09-26 10:00:06	4076	1.0	0	0.0
1981707	2014-04-30 10:00:07	3059	1.0	1	0.0
4997371	2015-07-11 10:00:03	15843	1.0	1	0.0
5529225	2015-12-18 10:00:02	10366	1.0	1	0.0
5677788	2015-07-17 10:00:04	3005	1.0	1	0.0
1011895	2015-08-12 10:00:02	4149	1.0	1	0.0
4336137	2014-06-14 10:00:02	4528	1.0	1	0.0
1139764	2014-11-05 10:00:07	15523	1.0	1	0.0
3992064	2014-08-21 10:00:04	4868	1.0	1	1.0
3012769	2014-10-30 10:00:05	16509	1.0	1	0.0
3021872	2014-08-05 10:00:05	15787	1.0	1	0.0
5564986	2014-01-13 10:00:02	1422	1.0	1	0.0
3437844	2015-04-23 10:00:04	4601	1.0	0	0.0
1859923	2014-02-24 10:00:03	4091	1.0	1	0.0
2698345	2013-08-08 10:00:03	3665	1.0	1	1.0
4415979	2015-03-27 10:00:02	10212	1.0	1	0.0
3195732	2015-04-10 10:00:06	4207	1.0	1	0.0
1780889	2014-10-02 10:00:07	3782	1.0	1	0.0
3864458	2015-04-11 10:00:06	16069	1.0	1	0.0
1427799	2014-09-22 10:00:02	4986	1.0	1	0.0
3648314	2015-03-09 10:00:03	10452	1.0	1	0.0
2064034	2013-11-18 10:00:05	2042	1.0	1	0.0
1514065	2014-06-09 10:00:02	3983	1.0	1	0.0
5148722	2015-09-04 10:00:03	10550	1.0	1	0.0
3617169	2014-07-02 09:58:28	10602	1.0	0	0.0
3481471	2014-01-31 10:00:04	10002	1.0	1	0.0
2881879	2014-11-24 10:00:04	2302	1.0	1	0.0
3515361	2013-10-04 10:00:03	16175	1.0	1	0.0
4147878	2013-10-04 10:00:07	10650	1.0	1	0.0
2208546	2014-03-03 10:00:03	15729	1.0	1	0.0
5290048	2015-01-12 10:00:03	4154	1.0	1	0.0
4539695	2014-07-12 10:00:05	4766	1.0	1	0.0
1430789	2014-12-06 10:00:06	14651	1.0	1	0.0
2864489	2014-06-20 10:00:03	2839	1.0	1	1.0
3096643	2015-03-06 10:00:07	1090	1.0	1	0.0
2237764	2014-08-07 10:00:04	4998	1.0	1	0.0
2357495	2014-09-06 10:00:06	4415	1.0	1	0.0
5923015	2015-12-21 10:00:04	10517	1.0	1	0.0
3882985	2015-10-03 10:00:05	10370	1.0	1	0.0
2566452	2014-07-26 10:00:05	4925	1.0	1	0.0
5578029	2015-08-22 10:00:03	4780	1.0	1	0.0
5390201	2015-10-19 10:00:06	2163	1.0	1	0.0
5242423	2014-08-16 10:00:06	10110	1.0	1	0.0
3525719	2015-03-16 10:00:06	16416	1.0	1	0.0
5608567	2015-04-20 10:00:04	10095	1.0	1	0.0
1080179	2015-02-16 10:00:02	3536	1.0	1	1.0
3624606	2015-07-02 10:00:02	14637	1.0	1	0.0
3730182	2014-10-03 10:00:03	16448	1.0	0	0.0
3393020	2014-02-27 10:00:06	10567	1.0	1	0.0
1779357	2015-10-10 10:00:04	14778	1.0	1	0.0
2288382	2014-05-30 10:00:05	15465	1.0	1	0.0
3639970	2014-01-24 10:00:07	4286	0.0	1	0.0
4713270	2015-08-24 10:00:05	2791	1.0	1	0.0
1932086	2014-04-05 10:00:07	16180	1.0	1	0.0
5374580	2014-08-28 10:00:06	2808	1.0	1	0.0
3875097	2014-04-10 10:00:03	16373	1.0	1	0.0
4532087	2014-10-02 10:00:04	10214	1.0	1	0.0
1392950	2015-07-10 10:00:03	2839	1.0	1	0.0
4447534	2015-03-28 10:00:05	3039	1.0	1	0.0
4835171	2014-06-27 10:00:05	10382	1.0	1	0.0
3237469	2013-07-10 10:00:07	15778	1.0	1	0.0
4548307	2015-02-28 10:00:03	3989	1.0	1	0.0
2287509	2015-04-27 10:00:03	4108	1.0	1	0.0
4599629	2015-01-22 10:00:06	3137	1.0	1	0.0
3021001	2013-08-03 10:00:06	3362	1.0	1	0.0
4063472	2014-07-17 10:00:04	2181	1.0	1	0.0
4886022	2014-04-12 10:00:07	3688	1.0	1	0.0
2020848	2014-04-30 10:00:04	4496	1.0	1	0.0
2036805	2015-11-02 10:00:07	2016	1.0	1	0.0
5904004	2015-02-06 10:00:05	10596	1.0	1	0.0
2402188	2014-11-14 10:00:06	3186	1.0	1	0.0
4908876	2015-08-07 10:00:04	1061	1.0	1	0.0
2723995	2013-10-04 10:00:03	10043	1.0	0	0.0
2430774	2014-09-05 10:00:05	4868	1.0	1	0.0
4641786	2014-11-15 10:00:05	15631	1.0	1	0.0
3886951	2015-07-04 10:00:06	16370	1.0	1	1.0
2169032	2013-11-04 10:00:06	3509	1.0	1	0.0
5772025	2014-05-14 10:00:03	15821	1.0	1	0.0
5162951	2014-09-22 10:00:03	2411	1.0	1	0.0
5784308	2015-11-20 10:00:03	3624	1.0	1	0.0
2837419	2015-04-16 10:00:02	10103	1.0	1	0.0
4316777	2015-01-17 10:00:07	3514	1.0	1	0.0
5850033	2014-08-15 10:00:06	4822	1.0	1	0.0
3694733	2013-10-09 10:00:07	3257	1.0	0	0.0
2351584	2014-08-16 10:00:05	2724	1.0	0	0.0
5820430	2015-07-30 10:00:04	15523	1.0	1	0.0
5825047	2015-10-09 10:00:04	3266	1.0	1	0.0
4849019	2015-01-31 10:00:04	4461	1.0	1	0.0
5710514	2014-11-20 10:00:04	3686	1.0	1	0.0
1522710	2014-05-27 10:00:03	3482	1.0	1	0.0
3783923	2014-11-17 10:00:07	4683	1.0	1	0.0
3859722	2014-06-05 10:00:03	2184	1.0	1	0.0
1798657	2015-05-28 10:00:05	4015	1.0	1	1.0
3903731	2015-03-09 10:00:07	2512	1.0	0	0.0
1285488	2014-10-03 10:00:03	16517	1.0	1	0.0
2951862	2015-06-08 10:00:05	4690	1.0	1	0.0
3390818	2013-11-20 10:00:03	15807	1.0	1	0.0
5869456	2014-12-13 10:00:06	3746	1.0	1	0.0
1922668	2014-09-13 10:00:04	4548	1.0	1	0.0
3176697	2014-09-03 10:00:03	15978	1.0	1	0.0
2488096	2014-05-19 10:00:03	10263	1.0	1	0.0
2229497	2014-09-06 10:00:04	15889	1.0	1	0.0
4743064	2015-06-13 10:00:02	2521	1.0	1	0.0
1166367	2014-08-21 10:00:05	3124	1.0	1	0.0
1087957	2014-05-30 10:00:02	2511	1.0	0	0.0
5475269	2015-02-14 10:00:04	2507	1.0	1	0.0
3822171	2014-10-29 10:00:06	4497	1.0	1	0.0
4676257	2015-03-09 10:00:02	15834	1.0	1	0.0
1567691	2015-02-16 10:00:02	15492	1.0	1	0.0
4685580	2015-02-21 10:00:03	2067	1.0	1	0.0
4574308	2014-02-01 10:00:02	4844	1.0	0	0.0
5238303	2014-09-20 10:00:04	1701	1.0	1	0.0
2877545	2014-11-05 10:00:03	15248	1.0	1	0.0
1584166	2015-05-13 10:00:07	2393	1.0	1	0.0
4463480	2015-10-24 10:00:05	10209	1.0	1	0.0
3159921	2015-01-24 10:00:06	4637	1.0	1	0.0
5750996	2015-08-06 10:00:03	1090	1.0	1	0.0
1506815	2015-01-09 10:00:06	4839	0.0	1	0.0
3406162	2014-03-14 10:00:06	2447	1.0	1	0.0
1948791	2013-11-06 10:00:05	1713	1.0	1	0.0
5298659	2015-01-21 10:00:04	4157	1.0	1	0.0
4659567	2014-12-08 10:00:04	16503	1.0	1	0.0
3896388	2013-08-17 10:00:05	14773	1.0	1	0.0
2334979	2014-02-28 10:00:05	4244	1.0	1	0.0
3994336	2014-04-17 10:00:03	3519	0.0	1	0.0
1855545	2014-03-05 10:00:07	10033	1.0	1	0.0
4493915	2014-07-30 10:00:06	13621	1.0	1	0.0
2144853	2013-08-02 10:00:05	3394	1.0	1	0.0
4981498	2015-11-18 10:00:05	3707	1.0	1	0.0
1923797	2013-06-14 10:00:03	3797	1.0	1	1.0
1231205	2015-12-02 10:00:03	10071	1.0	1	0.0
5820950	2015-02-07 10:00:03	3062	1.0	1	0.0
2176755	2014-07-24 10:00:03	4270	1.0	1	0.0
3748617	2014-12-01 10:00:05	4577	1.0	1	0.0
1690600	2014-12-15 10:00:07	3080	1.0	0	0.0
2520307	2015-12-07 10:00:06	4874	1.0	1	0.0
2022753	2015-09-12 10:00:02	2543	1.0	1	0.0
5222866	2013-07-27 10:00:07	3788	1.0	1	0.0
3476014	2014-08-13 10:00:04	4917	1.0	1	0.0
3982716	2014-03-31 10:00:03	3209	1.0	1	0.0
2611124	2015-06-20 10:00:06	4640	1.0	1	0.0
4147927	2014-01-25 10:00:02	15865	1.0	1	0.0
5934923	2014-10-18 10:00:03	1097	1.0	1	0.0
3649301	2015-07-24 10:00:07	10479	1.0	1	0.0
4184763	2014-12-19 10:00:03	4900	1.0	1	0.0
2089772	2014-11-26 10:00:02	4494	1.0	1	1.0
3439745	2014-09-15 10:00:03	2464	1.0	1	0.0
2984435	2014-09-27 10:00:04	15511	1.0	1	0.0
1787105	2014-07-12 10:00:04	10248	1.0	1	0.0
4059980	2015-03-28 10:00:03	15803	1.0	1	0.0
3623114	2014-07-05 10:00:05	3803	1.0	1	0.0
5525142	2014-08-18 10:00:07	4747	1.0	1	0.0
5182978	2014-02-10 10:00:02	15422	1.0	1	0.0
2121344	2014-07-04 10:00:02	15618	1.0	1	0.0
5308405	2014-10-27 10:00:02	4049	1.0	1	0.0
4926051	2014-04-10 10:00:02	3763	1.0	1	0.0
4612104	2014-08-15 10:00:06	4278	1.0	1	0.0
4963117	2014-11-12 10:00:05	15958	1.0	1	0.0
4905809	2015-02-11 10:00:06	1075	1.0	1	0.0
5034854	2014-10-11 10:00:06	3694	1.0	1	0.0
4074877	2014-08-30 10:00:03	4856	1.0	1	0.0
2474621	2014-03-08 10:00:06	15237	1.0	1	0.0
2221574	2015-08-14 10:00:06	3675	1.0	1	0.0
4482569	2014-02-17 10:00:03	4556	1.0	1	0.0
5988982	2015-01-22 10:00:02	2423	1.0	1	0.0
1711934	2013-12-04 10:00:05	2534	1.0	1	0.0
5152048	2015-05-02 10:00:04	4486	1.0	1	0.0
1155788	2013-10-16 10:00:04	4917	1.0	1	0.0
4834368	2015-08-19 10:00:03	2955	1.0	1	0.0
5916764	2014-08-18 10:00:03	3215	1.0	0	0.0
4615699	2013-10-24 10:00:07	14747	1.0	1	0.0
5333200	2014-09-01 10:00:05	15887	0.0	1	0.0
1585610	2013-08-03 10:00:07	4842	1.0	1	0.0
4740705	2013-10-11 10:00:03	4806	1.0	1	0.0
5460368	2014-02-12 10:00:05	10630	1.0	1	0.0
1434513	2014-11-03 10:00:03	15794	1.0	1	0.0
1501658	2015-04-20 10:00:03	10197	1.0	1	0.0
2896832	2014-11-21 10:00:07	2339	1.0	1	0.0
5607130	2013-10-24 10:00:04	15801	1.0	1	0.0
3927690	2015-04-24 10:00:07	4390	1.0	1	0.0
5379793	2015-02-21 10:00:07	10315	1.0	1	0.0
1426808	2015-09-21 10:00:02	3836	1.0	1	0.0
1317964	2015-08-14 10:00:03	4478	1.0	1	0.0
4311775	2015-11-14 10:00:07	3987	1.0	1	0.0
5271060	2013-10-26 10:00:03	2867	1.0	1	0.0
3212117	2014-07-14 10:00:06	16182	1.0	1	0.0
1271328	2015-06-06 10:00:04	2426	1.0	1	0.0
5099536	2014-09-08 10:00:06	16159	1.0	1	0.0
4837961	2014-11-15 10:00:04	3283	1.0	1	0.0
3889841	2015-11-13 10:00:02	4881	1.0	1	0.0
3239489	2015-06-10 10:00:03	4457	1.0	1	0.0
4007806	2014-03-21 10:00:07	3484	1.0	1	0.0
5866703	2014-01-27 10:00:06	3211	1.0	1	0.0
1924132	2015-09-01 10:00:06	4938	1.0	1	0.0
3607972	2014-10-02 10:00:03	3412	1.0	1	0.0
3504944	2014-01-11 10:00:05	3649	1.0	1	0.0
4643975	2014-02-22 10:00:03	3029	1.0	1	0.0
1728629	2013-07-29 10:00:02	14728	1.0	1	0.0
5140925	2015-11-05 10:00:05	2579	1.0	0	0.0
1637350	2014-04-23 10:00:06	14642	1.0	1	0.0
5762574	2014-06-06 10:00:06	10061	1.0	1	0.0
3110398	2013-12-19 10:00:06	3362	1.0	1	0.0
5945432	2014-06-04 10:00:04	15696	1.0	1	0.0
2766813	2014-02-28 10:00:02	10167	1.0	1	0.0
3239741	2013-07-19 10:00:02	3761	1.0	1	0.0
5753807	2014-01-27 10:00:05	2701	1.0	1	0.0
4768617	2015-08-27 10:00:05	2984	1.0	1	0.0
2252004	2015-09-12 10:00:06	15789	1.0	1	0.0
2168555	2015-05-23 10:00:05	4986	1.0	1	0.0
1783588	2013-08-22 10:00:05	15469	1.0	1	0.0
2881837	2013-10-19 10:00:04	3265	1.0	1	0.0
6010541	2015-05-28 10:00:05	14649	1.0	1	0.0
1791466	2014-04-16 10:00:05	2735	1.0	1	0.0
1800584	2013-11-22 10:00:06	3050	1.0	1	0.0
4235137	2013-12-20 10:00:03	4274	1.0	1	0.0
1925866	2014-02-12 10:00:07	2622	1.0	1	0.0
4468090	2015-11-06 10:00:07	14753	1.0	1	0.0
5213282	2015-12-10 10:00:07	14715	1.0	1	1.0
4597375	2014-02-19 10:00:04	15752	1.0	1	0.0
1991970	2014-08-23 10:00:05	3904	1.0	1	0.0
3036670	2015-10-14 10:00:07	13667	1.0	1	0.0
1794401	2014-03-15 10:00:06	4908	1.0	1	0.0
1156670	2014-03-07 10:00:02	15905	1.0	1	0.0
4279311	2014-08-28 10:00:03	3661	1.0	1	0.0
2930810	2015-08-20 10:00:03	2729	0.0	1	1.0
5973740	2014-05-27 10:00:03	16540	1.0	1	0.0
2847120	2014-05-09 10:00:04	3560	1.0	1	0.0
4944916	2015-08-20 10:00:06	4855	1.0	1	0.0
1713223	2014-06-20 10:00:06	15487	1.0	1	0.0
3243728	2015-05-30 10:00:04	16489	1.0	1	0.0
1864345	2015-02-12 10:00:05	4697	1.0	1	0.0
2745586	2015-03-23 10:00:03	2824	1.0	1	0.0
2632169	2014-09-22 10:00:06	4386	1.0	1	0.0
1958331	2014-08-21 10:00:07	10548	1.0	1	0.0
1389051	2013-11-18 10:00:06	13527	1.0	1	0.0
4601837	2015-06-01 10:00:05	3829	1.0	1	0.0
2042232	2015-03-06 10:00:03	4494	1.0	1	0.0
4602502	2015-12-21 10:00:06	3746	1.0	1	0.0
3237066	2014-09-27 10:00:05	3149	1.0	1	1.0
5580527	2015-06-08 10:00:06	10289	1.0	1	0.0
3755914	2014-12-15 10:00:06	4749	1.0	1	0.0
1565307	2015-07-20 10:00:03	3438	1.0	1	0.0
1726954	2014-08-09 10:00:06	10367	1.0	1	0.0
1600627	2014-01-13 10:00:06	2572	1.0	1	0.0
3513756	2015-11-14 10:00:02	3919	1.0	1	0.0
4350232	2014-05-12 10:00:05	2588	1.0	1	0.0
1118096	2015-06-11 10:00:04	3659	1.0	1	0.0
4427752	2015-08-22 10:00:03	1979	0.0	1	0.0
2413606	2014-10-06 10:00:03	10580	1.0	1	0.0
4039774	2014-03-10 10:00:07	3395	0.0	1	0.0
4692472	2013-08-15 10:00:07	16084	1.0	1	0.0
2879705	2014-04-30 10:00:06	3362	1.0	1	0.0
5739649	2014-09-06 10:00:07	4310	1.0	1	0.0
1307899	2014-11-12 10:00:05	3575	1.0	1	0.0
1562478	2015-08-21 10:00:03	3899	1.0	1	0.0
3658471	2015-04-17 10:00:02	3506	1.0	1	0.0
4074668	2015-10-15 10:00:04	3612	1.0	1	0.0
3127975	2014-10-17 10:00:06	2333	0.0	1	0.0
1621275	2014-10-06 10:00:05	2084	1.0	1	0.0
1978039	2015-04-09 10:00:04	2249	1.0	0	0.0
3884468	2015-10-08 10:00:03	4542	1.0	0	0.0
2578364	2014-02-15 10:00:04	14742	0.0	0	0.0
3767805	2014-02-24 10:00:07	3582	1.0	1	0.0
3911474	2015-11-26 10:00:03	3219	1.0	1	0.0
5382499	2013-11-23 10:00:04	2184	1.0	1	0.0
1833685	2014-06-11 10:00:04	10380	1.0	1	1.0
5209292	2015-05-23 10:00:03	1373	1.0	1	0.0
5284400	2015-06-18 10:00:06	3470	1.0	1	0.0
2032831	2013-07-22 10:00:02	3600	1.0	1	0.0
3378661	2013-09-20 10:00:05	4591	1.0	1	0.0
3662876	2014-09-19 10:00:02	3468	1.0	1	0.0
4889355	2014-03-22 10:00:05	15520	1.0	0	0.0
1602986	2014-03-12 10:00:04	15491	1.0	1	0.0
1531156	2015-10-26 10:00:05	15733	1.0	1	0.0
1087797	2015-03-09 10:00:07	3011	1.0	1	0.0
3941827	2015-07-22 10:00:04	4232	1.0	1	0.0
3900374	2014-11-15 10:00:06	2155	1.0	1	0.0
5010772	2015-10-02 10:00:05	13796	1.0	1	0.0
2346643	2015-04-11 10:00:07	4609	1.0	1	0.0
3814818	2015-08-26 10:00:04	14704	1.0	1	0.0
2593361	2013-11-23 10:00:04	16278	1.0	1	0.0
2972328	2014-09-12 10:00:06	1596	1.0	1	0.0
5908913	2014-10-22 10:00:07	2839	1.0	1	0.0
1781929	2013-12-20 10:00:05	3225	1.0	1	0.0
1872617	2015-09-05 10:00:03	3659	1.0	1	0.0
1414009	2015-11-05 10:00:04	16133	1.0	1	0.0
1284950	2014-03-08 10:00:04	10254	1.0	1	0.0
1692172	2014-03-21 10:00:07	15675	1.0	1	0.0
3345895	2015-02-20 10:00:02	10398	1.0	1	0.0
2077083	2014-08-21 10:00:07	4686	1.0	1	0.0
3022910	2015-08-13 10:00:03	16253	1.0	1	0.0
2943446	2014-05-12 10:00:04	15374	1.0	1	0.0
5401543	2014-01-13 10:00:05	15478	1.0	1	0.0
1128232	2015-06-24 10:00:07	2582	1.0	1	0.0
3458291	2013-10-24 10:00:02	2206	1.0	1	0.0
5610195	2014-06-21 10:00:04	1699	1.0	1	0.0
3758736	2013-08-09 10:00:04	3590	1.0	1	0.0
2571324	2014-09-19 10:00:03	3759	1.0	1	0.0
2893372	2014-05-17 10:00:06	2570	1.0	1	0.0
1765087	2013-10-16 10:00:04	15477	1.0	1	0.0
5199624	2013-11-23 10:00:04	2793	1.0	1	0.0
2367968	2014-01-11 10:00:03	4342	1.0	1	0.0
5879681	2014-06-04 10:00:04	3445	1.0	1	0.0
4400599	2014-06-18 10:00:05	3472	1.0	1	0.0
4917110	2015-01-12 10:00:05	10087	1.0	1	0.0
1811017	2015-03-28 10:00:07	13559	0.0	1	0.0
5016124	2014-11-15 10:00:06	4209	0.0	1	0.0
5475252	2015-02-13 10:00:04	10342	1.0	1	0.0
2644492	2013-11-18 10:00:06	3542	1.0	1	0.0
4453556	2014-11-22 10:00:05	16491	1.0	1	0.0
3650212	2013-10-24 10:00:06	2779	1.0	1	0.0
1364928	2014-08-20 10:00:05	15434	1.0	1	0.0
5575033	2015-02-28 10:00:04	15779	1.0	1	1.0
4914588	2015-01-31 10:00:07	4452	1.0	1	0.0
2591138	2014-06-02 10:00:05	16149	1.0	1	0.0
5508340	2015-09-05 10:00:04	4390	1.0	1	0.0
4610189	2014-01-25 10:00:02	3484	1.0	1	0.0
4692298	2014-08-08 10:00:07	16346	1.0	1	0.0
2139593	2015-06-26 10:00:04	3132	1.0	1	0.0
2672917	2014-05-14 10:00:06	14721	1.0	1	0.0
5293797	2014-07-26 10:00:02	15933	1.0	1	0.0
1309333	2015-05-21 10:00:05	3771	1.0	1	0.0
1809579	2015-10-29 10:00:07	15743	1.0	1	0.0
3421703	2014-04-14 10:00:07	10268	1.0	1	0.0
3201179	2015-01-31 10:00:05	16504	1.0	1	0.0
2975877	2015-01-31 10:00:03	3376	1.0	1	0.0
5631827	2014-05-19 10:00:07	3358	1.0	1	0.0
5793659	2013-12-19 10:00:03	2369	1.0	1	0.0
5354844	2013-10-30 10:00:06	15671	1.0	1	0.0
2760050	2014-07-05 10:00:07	4778	1.0	1	1.0
2761434	2014-09-29 10:00:06	3119	1.0	1	0.0
2661662	2014-11-21 10:00:05	4911	1.0	1	0.0
5007462	2015-09-11 10:00:02	10150	1.0	1	0.0
2097709	2015-09-12 10:00:06	3919	1.0	1	0.0
5638939	2015-06-06 10:00:04	2796	1.0	1	0.0
3051197	2015-07-24 10:00:07	3884	1.0	1	1.0
2859681	2014-11-28 10:00:03	3267	1.0	1	0.0
5365058	2015-03-21 10:00:07	4811	1.0	1	0.0
3661419	2013-12-02 10:00:04	4518	1.0	1	1.0
5905279	2014-04-24 10:00:05	2234	1.0	1	0.0
5130502	2015-05-28 10:00:06	16118	1.0	1	0.0
5571347	2015-05-14 10:00:03	3768	1.0	1	0.0
2587597	2013-12-14 10:00:05	10358	1.0	1	0.0
2919659	2014-02-08 10:00:06	10649	1.0	1	0.0
4918506	2014-08-22 10:00:06	4327	1.0	1	0.0
1461265	2015-10-14 10:00:07	10087	1.0	1	0.0
2237886	2015-01-17 10:00:02	3495	1.0	1	0.0
1182746	2015-03-13 10:00:05	10287	1.0	1	0.0
1533369	2013-12-14 10:00:03	4093	1.0	1	0.0
5198771	2015-10-29 10:00:05	3097	1.0	1	0.0
1767501	2014-10-06 10:00:05	3796	1.0	1	0.0
3403857	2014-09-26 10:00:04	15671	1.0	1	0.0
1397002	2014-04-30 10:00:05	14867	1.0	1	0.0
5555405	2015-06-04 10:00:06	15872	1.0	1	0.0
1319984	2014-07-16 09:59:40	2906	0.0	0	0.0
1486047	2014-08-02 10:00:07	4697	1.0	1	0.0
1189160	2014-07-14 10:00:03	2724	1.0	1	0.0
3223712	2015-07-01 10:00:04	4017	1.0	1	0.0
5202466	2015-08-21 10:00:05	10068	1.0	1	0.0
1547236	2015-07-30 10:00:05	2198	1.0	0	0.0
2979964	2015-11-30 10:00:04	16356	1.0	1	0.0
5654900	2015-08-21 10:00:04	2828	1.0	1	0.0
2801660	2015-03-16 10:00:05	15834	1.0	1	0.0
5752686	2013-10-25 10:00:03	4868	1.0	1	0.0
1737010	2014-04-09 10:00:03	4215	1.0	1	0.0
4470654	2014-10-08 10:00:06	15383	1.0	1	0.0
5388621	2013-06-12 10:00:03	4972	0.0	1	0.0
4218251	2014-06-14 10:00:02	4310	1.0	1	0.0
1686325	2014-07-14 10:00:04	10396	1.0	1	0.0
2247186	2013-10-10 10:00:03	4934	1.0	1	0.0
2569825	2013-11-18 10:00:02	4674	1.0	1	0.0
5222499	2014-10-23 10:00:06	2555	1.0	1	0.0
3041481	2013-11-22 10:00:07	3622	1.0	1	0.0
3333313	2014-02-24 10:00:06	4496	1.0	1	1.0
1597111	2014-08-20 10:00:07	4620	1.0	1	0.0
5844048	2014-08-29 10:00:02	3920	1.0	1	0.0
2535962	2014-09-06 10:00:04	15490	1.0	1	1.0
5959349	2015-07-10 10:00:06	14711	1.0	1	0.0
1126048	2014-10-27 10:00:03	4321	1.0	1	0.0
1952941	2015-03-05 10:00:05	2042	1.0	1	0.0
2571840	2015-07-01 10:00:04	2874	1.0	1	0.0
2628310	2014-09-10 10:00:03	3885	1.0	1	0.0
4456644	2014-03-07 10:00:03	3963	1.0	1	0.0
4792630	2015-09-10 10:00:07	4803	1.0	1	0.0
4914966	2014-12-13 10:00:04	2220	1.0	1	1.0
3371771	2015-09-16 10:00:07	4604	1.0	1	0.0
2860617	2014-03-15 10:00:04	2859	1.0	1	0.0
3885789	2015-07-20 10:00:05	15667	1.0	1	0.0
1441205	2015-06-24 10:00:06	10295	1.0	1	0.0
5759382	2015-10-30 10:00:04	10409	1.0	1	0.0
3049866	2014-02-10 10:00:03	10191	1.0	1	0.0
4000525	2015-05-21 10:00:03	4373	1.0	1	0.0
2560457	2014-01-13 10:00:02	15495	1.0	0	0.0
2155945	2014-04-07 10:00:02	4946	1.0	1	0.0
3593766	2014-06-20 10:00:06	16199	1.0	1	0.0
1730906	2014-04-07 10:00:08	4387	1.0	1	0.0
3493281	2014-02-24 10:00:04	14645	1.0	1	0.0
2494221	2014-04-09 10:00:05	14721	1.0	1	0.0
3310638	2015-04-23 10:00:05	4607	1.0	1	0.0
5210749	2014-09-27 10:00:07	3608	1.0	1	1.0
3041831	2015-11-06 10:00:07	4606	1.0	1	0.0
1848605	2015-09-23 10:00:05	14691	1.0	1	0.0
3616437	2014-09-13 10:00:06	16107	1.0	1	0.0
3453208	2014-11-08 10:00:02	4790	1.0	0	0.0
1403593	2015-02-18 10:00:02	2119	1.0	1	0.0
4849048	2015-07-30 10:00:05	4281	1.0	1	0.0
3156206	2013-11-21 10:00:05	4912	1.0	0	0.0
3624575	2014-07-16 10:00:03	10358	1.0	1	0.0
2031210	2015-07-11 10:00:06	2800	1.0	1	0.0
4895754	2014-11-15 10:00:03	3495	1.0	1	0.0
3165524	2015-09-05 10:00:06	2122	1.0	0	0.0
4489520	2015-05-13 10:00:04	4913	1.0	1	1.0
1364513	2014-08-26 10:00:04	10438	1.0	1	0.0
5304151	2015-06-11 10:00:06	2862	0.0	1	0.0
4840568	2014-07-28 10:00:06	2810	1.0	1	0.0
6018229	2015-10-02 10:00:03	4327	1.0	1	0.0
1586826	2014-04-16 10:00:07	4153	1.0	1	0.0
5233038	2014-09-26 10:00:04	16208	1.0	1	0.0
1353756	2015-11-27 10:00:05	15954	1.0	1	0.0
1708116	2015-08-07 10:00:06	3055	1.0	0	0.0
2603014	2014-09-03 10:00:06	16479	1.0	1	0.0
2832842	2014-04-14 10:00:04	4075	1.0	1	0.0
3828852	2015-04-11 10:00:05	3300	1.0	1	0.0
3202387	2015-03-05 10:00:06	15993	1.0	1	0.0
3675221	2014-11-14 10:00:03	4732	1.0	1	0.0
3306815	2015-03-06 10:00:06	3083	1.0	1	0.0
2917960	2015-11-19 10:00:07	3746	1.0	1	0.0
5564707	2015-08-19 10:00:05	4198	1.0	1	0.0
1117147	2014-09-04 10:00:03	10200	1.0	1	0.0
3478578	2015-04-29 10:00:05	15786	1.0	1	0.0
4122557	2015-03-12 10:00:06	14745	1.0	1	0.0
1354865	2014-09-03 10:00:04	2780	1.0	1	0.0
1823407	2015-12-18 10:00:04	10622	1.0	1	0.0
5236317	2013-10-23 10:00:04	3300	1.0	1	0.0
4303386	2015-09-04 10:00:04	4150	1.0	0	1.0
5914946	2015-07-18 10:00:03	4777	1.0	1	0.0
4681044	2015-10-07 10:00:03	2445	1.0	1	0.0
2184398	2015-06-25 10:00:04	2578	1.0	1	0.0
2223804	2014-03-31 10:00:06	3162	1.0	1	0.0
3568167	2014-02-28 10:00:04	2976	1.0	1	0.0
1339991	2013-12-05 10:00:05	14672	1.0	1	0.0
4672919	2015-08-20 10:00:04	3860	1.0	1	0.0
2451768	2013-11-30 10:00:03	4749	1.0	1	0.0
2339344	2015-06-26 10:00:07	10040	1.0	1	0.0
1375760	2015-10-15 10:00:07	4605	1.0	1	0.0
5020989	2014-12-05 10:00:06	10355	1.0	1	0.0
1256156	2015-11-13 10:00:04	15881	1.0	1	0.0
5774874	2015-10-15 10:00:07	10222	1.0	1	0.0
1064398	2013-07-10 10:00:06	4613	1.0	1	0.0
4974616	2015-03-02 10:00:04	16435	1.0	1	0.0
1544720	2014-08-28 10:00:04	1072	1.0	1	0.0
3552425	2014-09-10 10:00:04	3633	1.0	0	0.0
1901417	2014-11-22 10:00:07	3004	1.0	0	0.0
5066903	2014-03-10 10:00:06	4663	1.0	1	0.0
5787886	2015-07-10 10:00:06	2850	1.0	1	0.0
5793560	2015-10-26 10:00:05	16155	1.0	1	0.0
1231183	2014-05-12 10:00:02	2566	1.0	1	0.0
3183924	2015-05-21 10:00:04	4844	1.0	0	0.0
4183380	2014-09-22 10:00:03	3682	1.0	1	0.0
2275078	2015-03-14 10:00:03	15501	1.0	1	0.0
5509871	2014-10-27 10:00:06	2513	1.0	0	0.0
2205027	2013-08-03 10:00:07	2411	1.0	1	0.0
3138570	2013-12-19 10:00:05	14609	1.0	1	0.0
2947303	2013-11-30 10:00:03	2912	1.0	1	0.0
5741667	2014-12-08 10:00:03	4427	1.0	1	0.0
3238916	2013-12-21 10:00:03	3429	1.0	1	0.0
2147394	2015-04-10 10:00:05	2096	1.0	1	0.0
5031980	2014-12-15 10:00:04	3691	1.0	1	0.0
3888498	2015-02-25 10:00:06	3694	1.0	1	0.0
5447515	2014-11-05 10:00:04	2894	1.0	1	0.0
5490843	2015-03-21 10:00:05	4525	1.0	1	0.0
5273207	2015-04-02 10:00:05	4069	1.0	1	0.0
3773385	2014-07-04 10:00:05	2276	1.0	1	0.0
3386883	2014-07-28 10:00:03	10035	1.0	1	0.0
4971799	2014-09-05 10:00:05	3355	1.0	1	0.0
3142156	2013-10-10 10:00:03	10248	1.0	1	0.0
1113902	2014-01-24 10:00:02	16153	1.0	1	0.0
1016520	2015-10-22 10:00:03	2008	1.0	1	0.0
2797624	2014-05-02 10:00:02	2077	1.0	1	0.0
1823175	2014-04-07 10:00:04	3946	1.0	1	0.0
5389035	2015-10-22 10:00:04	4542	1.0	1	0.0
2124123	2015-09-18 10:00:06	3471	1.0	1	0.0
4174379	2015-03-14 10:00:05	15415	1.0	1	0.0
3659507	2014-01-31 10:00:05	10094	1.0	1	0.0
3402293	2014-06-13 10:00:02	14708	1.0	1	0.0
1443901	2015-09-11 10:00:05	2642	1.0	1	1.0
2212623	2015-05-30 10:00:04	4018	1.0	1	0.0
3420645	2014-11-07 10:00:02	16178	1.0	1	0.0
3413438	2014-03-31 10:00:02	4773	1.0	1	0.0
4239788	2015-04-07 10:00:07	3517	1.0	1	0.0
3962457	2015-10-15 10:00:06	16002	1.0	1	0.0
5034080	2014-09-12 10:00:02	16531	1.0	1	0.0
2429168	2014-09-18 10:00:05	10118	1.0	1	0.0
3062728	2014-03-21 10:00:04	3341	1.0	1	0.0
3331033	2014-10-10 10:00:05	3935	1.0	1	0.0
5032869	2015-10-07 10:00:07	2150	1.0	1	0.0
4773642	2015-09-07 10:00:02	4777	1.0	0	0.0
4745046	2014-07-23 10:00:02	3514	1.0	1	0.0
3978621	2014-02-08 10:00:03	3846	1.0	1	0.0
3182224	2013-11-20 10:00:05	10015	1.0	1	0.0
2024924	2015-07-01 10:00:06	15937	1.0	1	0.0
3970330	2014-06-04 10:00:04	15215	1.0	1	0.0
1160584	2014-03-28 10:00:04	15582	1.0	1	0.0
4936833	2015-07-10 10:00:06	2514	1.0	1	0.0
4072917	2015-02-27 10:00:03	2152	1.0	1	0.0
5691546	2014-08-28 10:00:02	3378	1.0	1	0.0
3685932	2013-11-02 10:00:02	3215	1.0	1	0.0
4893666	2015-02-18 10:00:05	4313	1.0	1	0.0
3866849	2014-07-14 10:00:03	4113	1.0	1	0.0
3434631	2014-10-15 10:00:03	16073	1.0	1	0.0
3462998	2015-04-24 10:00:06	16156	1.0	1	0.0
4665099	2014-12-06 10:00:06	10187	1.0	1	0.0
4568804	2014-08-22 10:00:04	3257	1.0	1	0.0
4220688	2015-01-15 10:00:06	15532	1.0	1	0.0
2974378	2015-09-17 10:00:05	2885	1.0	1	0.0
3112972	2014-05-27 10:00:03	3955	1.0	1	1.0
1119473	2014-05-30 10:00:04	4789	1.0	1	0.0
1521574	2014-03-12 10:00:03	4149	1.0	1	0.0
5200795	2013-07-04 10:00:02	10196	1.0	1	0.0
2513213	2015-03-18 10:00:05	3470	1.0	1	0.0
5171619	2014-10-23 10:00:02	4944	1.0	0	0.0
1220574	2014-02-26 10:00:06	2346	1.0	1	0.0
2857209	2015-08-21 10:00:07	2209	1.0	1	0.0
5698238	2013-11-15 10:00:06	2894	1.0	1	1.0
3827782	2015-03-14 10:00:04	10363	1.0	1	0.0
3475795	2015-12-07 10:00:06	3988	1.0	1	0.0
5088054	2015-04-11 10:00:03	4438	1.0	1	0.0
3373974	2014-10-24 10:00:03	2349	1.0	1	0.0
5123063	2014-06-13 10:00:04	2073	1.0	1	0.0
5191482	2015-03-04 10:00:05	15733	1.0	1	0.0
4844612	2014-12-01 10:00:07	4682	1.0	1	0.0
5874888	2015-03-07 10:00:05	3549	1.0	1	1.0
5541193	2014-12-01 10:00:03	16373	1.0	1	0.0
3112107	2014-04-23 10:00:07	3186	0.0	1	0.0
1646521	2013-11-20 10:00:07	3770	1.0	1	0.0
3758327	2014-11-12 10:00:05	3480	1.0	1	0.0
3815705	2014-07-07 10:00:02	10608	1.0	1	0.0
2653241	2015-04-15 09:58:41	2628	1.0	1	0.0
4444351	2014-09-06 10:00:04	14754	1.0	1	0.0
4857822	2013-12-06 10:00:02	4708	1.0	1	0.0
2086910	2015-05-20 10:00:02	16100	1.0	1	0.0
4197519	2014-02-12 10:00:06	4817	1.0	1	0.0
3649107	2013-08-03 10:00:07	3446	1.0	1	0.0
1798786	2014-04-09 10:00:03	3912	1.0	1	0.0
3855525	2013-11-16 10:00:06	3675	1.0	1	0.0
2398225	2015-11-06 10:00:05	16194	1.0	1	0.0
3656598	2014-09-20 10:00:04	10613	1.0	1	0.0
2699357	2015-10-19 10:00:06	14703	1.0	1	0.0
4465889	2015-07-03 10:00:03	4735	1.0	1	0.0
4434391	2015-07-23 10:00:05	4736	1.0	1	0.0
3261533	2015-03-23 10:00:03	3947	1.0	1	0.0
4888672	2014-05-30 10:00:05	4212	1.0	1	0.0
1552569	2015-09-12 10:00:04	4561	1.0	1	0.0
5579090	2014-05-31 10:00:05	10570	1.0	1	0.0
3034271	2014-01-15 10:00:07	4121	1.0	1	0.0
1118243	2014-10-20 10:00:03	10256	1.0	1	0.0
3094161	2015-05-14 10:00:07	3246	1.0	1	0.0
3726387	2014-10-06 09:58:11	4216	0.0	1	0.0
4769721	2015-04-27 10:00:04	10020	1.0	1	0.0
1260586	2015-10-28 10:00:05	2036	1.0	1	0.0
5694011	2014-11-28 10:00:05	16329	1.0	1	0.0
1612112	2013-06-10 10:00:03	3371	1.0	1	0.0
3619576	2014-02-14 10:00:07	10192	1.0	0	0.0
2677921	2015-02-05 10:00:04	14745	0.0	1	0.0
1736614	2014-04-11 10:00:06	4839	1.0	1	1.0
4440381	2015-05-09 10:00:04	3043	1.0	1	0.0
5838639	2014-05-15 10:00:05	10650	1.0	1	0.0
5184925	2015-02-28 10:00:06	4367	1.0	1	0.0
5215565	2013-08-17 10:00:05	14705	1.0	1	1.0
1486536	2014-07-11 10:00:07	2465	1.0	1	0.0
1531378	2015-07-09 10:00:04	2418	1.0	1	0.0
5878169	2015-08-24 10:00:03	4189	1.0	1	0.0
4966416	2015-03-23 10:00:06	2984	1.0	1	0.0
2796593	2014-02-24 10:00:05	3412	1.0	1	0.0
2352853	2014-11-06 10:00:06	4501	1.0	1	0.0
3058984	2015-08-14 10:00:03	2023	1.0	1	0.0
2210182	2015-02-11 10:00:06	3624	1.0	1	1.0
1859908	2013-07-11 10:00:05	10519	1.0	1	0.0
3472400	2015-04-27 10:00:04	10625	1.0	1	1.0
2667205	2015-03-25 10:00:07	4736	1.0	1	0.0
3447189	2013-12-05 10:00:04	16325	1.0	1	0.0
2905810	2014-07-26 10:00:06	15535	1.0	1	0.0
4073656	2014-10-27 10:00:04	16092	1.0	1	0.0
4526817	2014-07-03 10:00:03	16534	1.0	1	0.0
1185485	2015-04-25 10:00:06	2352	1.0	1	0.0
3515066	2015-03-28 10:00:02	2250	1.0	1	0.0
2024599	2014-01-13 10:00:06	15207	1.0	1	0.0
5671424	2014-02-12 10:00:06	3277	1.0	1	0.0
4079224	2014-09-12 10:00:07	4302	1.0	1	0.0
2219959	2014-11-03 10:00:04	4244	1.0	1	0.0
5136417	2014-06-30 10:00:05	10180	1.0	1	0.0
4409948	2014-02-08 10:00:07	3281	1.0	1	0.0
1324195	2015-02-28 10:00:07	3484	0.0	1	0.0
2127361	2015-02-16 10:00:06	3496	1.0	1	0.0
3216073	2015-01-14 10:00:04	2067	1.0	1	1.0
5588390	2015-02-04 09:58:58	3018	1.0	1	0.0
2458607	2014-04-30 10:00:05	3828	1.0	1	0.0
4513072	2015-06-04 10:00:05	4442	1.0	1	0.0
4747065	2015-02-09 10:00:04	4427	1.0	1	0.0
1755607	2014-07-28 10:00:04	4415	1.0	1	0.0
2505616	2015-02-07 10:00:03	4694	1.0	1	0.0
3312383	2014-04-22 10:00:07	3508	1.0	0	0.0
4156578	2014-09-01 10:00:02	4655	1.0	1	0.0
3280259	2014-11-08 10:00:06	3269	1.0	0	0.0
5582156	2014-04-28 10:00:07	4478	1.0	1	0.0
2049085	2014-10-25 10:00:04	4084	1.0	1	0.0
2598045	2015-08-14 10:00:04	4289	1.0	1	0.0
5571582	2014-10-23 10:00:03	4303	1.0	1	0.0
3588488	2015-01-12 10:00:07	3797	1.0	1	0.0
2006003	2013-12-04 10:00:06	15726	1.0	1	0.0
1046502	2015-07-18 10:00:06	4153	1.0	1	0.0
3018791	2015-03-23 10:00:05	10461	1.0	1	0.0
3136217	2015-05-29 10:00:06	3645	1.0	1	0.0
4821637	2015-02-19 10:00:06	15517	1.0	1	0.0
1254932	2015-01-22 10:00:02	10084	1.0	1	1.0
5499954	2014-06-09 10:00:03	4816	1.0	1	0.0
2892147	2015-11-14 10:00:06	15530	1.0	1	0.0
2687254	2014-01-13 10:00:07	10499	1.0	1	0.0
5106994	2014-03-12 10:00:03	4135	1.0	1	0.0
2950070	2014-10-23 10:00:07	4591	1.0	1	0.0
2370499	2014-01-16 10:00:04	4979	1.0	1	0.0
5544034	2014-06-13 10:00:02	2799	1.0	1	0.0
4075073	2014-11-06 10:00:07	15873	0.0	1	0.0
3557719	2014-12-03 10:00:04	4785	1.0	1	0.0
2104399	2015-07-30 10:00:04	2800	1.0	0	0.0
4734189	2014-04-26 10:00:03	4950	1.0	1	0.0
3319923	2014-04-28 10:00:03	3733	1.0	1	0.0
1984264	2014-01-13 10:00:07	15972	1.0	1	0.0
5185259	2014-12-06 10:00:02	3729	1.0	1	0.0
2089225	2014-06-30 10:00:04	15750	1.0	1	0.0
4433559	2014-02-14 10:00:03	4302	1.0	0	0.0
1244098	2014-06-19 10:00:06	4617	1.0	1	0.0
4393798	2015-03-28 10:00:04	15900	1.0	1	0.0
3020046	2015-11-05 10:00:06	3272	1.0	1	0.0
5785217	2014-06-16 10:00:03	10370	1.0	1	0.0
2089571	2014-08-22 10:00:06	4230	1.0	0	0.0
4589830	2014-03-08 10:00:04	3929	1.0	0	0.0
1401380	2014-01-31 10:00:06	4913	1.0	1	0.0
3330820	2014-04-28 10:00:04	4739	1.0	1	0.0
5427389	2013-11-18 10:00:07	4120	1.0	1	0.0
4757843	2014-01-24 10:00:04	3005	1.0	1	0.0
5478385	2015-03-27 10:00:07	13784	1.0	1	0.0
1689736	2015-11-28 10:00:03	10441	1.0	1	0.0
1729076	2015-09-25 10:00:05	10387	1.0	1	0.0
1512623	2015-07-27 10:00:03	4751	1.0	0	0.0
2331249	2014-01-29 10:00:03	4944	1.0	1	0.0
3467004	2014-04-26 10:00:07	4337	1.0	1	0.0
1465654	2014-07-21 10:00:05	15648	1.0	0	0.0
5671847	2014-11-08 10:00:05	2056	1.0	1	0.0
1826940	2014-07-04 10:00:07	4602	1.0	1	0.0
4448634	2015-05-11 10:00:06	3129	1.0	1	0.0
2685583	2014-04-12 10:00:06	3395	1.0	1	0.0
3163518	2015-04-24 10:00:05	3262	1.0	1	0.0
5289042	2013-11-22 10:00:04	10072	1.0	1	0.0
4427970	2015-07-30 10:00:05	4459	1.0	1	0.0
1380666	2015-01-17 10:00:04	4972	1.0	1	0.0
2105480	2014-04-16 10:00:07	2275	1.0	1	0.0
3016260	2015-04-20 10:00:04	2466	1.0	1	0.0
5824685	2014-02-12 10:00:07	10477	1.0	1	0.0
3096288	2014-09-18 10:00:04	15746	1.0	1	0.0
3496795	2015-04-16 10:00:02	2783	1.0	1	0.0
4826447	2014-12-15 10:00:03	4822	1.0	1	0.0
5273003	2015-08-19 10:00:04	16379	1.0	1	0.0
4756660	2013-11-08 10:00:03	4071	1.0	0	0.0
5194593	2014-10-17 10:00:05	2812	1.0	1	0.0
3899163	2015-02-07 10:00:07	4549	1.0	0	0.0
5963819	2015-03-19 10:00:05	4652	1.0	1	0.0
2240242	2014-12-05 10:00:03	15232	1.0	1	0.0
4771874	2014-05-23 10:00:03	10519	1.0	1	0.0
4084077	2014-08-20 10:00:03	10029	0.0	1	0.0
3011851	2015-07-23 10:00:03	14728	1.0	1	0.0
5482609	2015-12-16 10:00:07	10555	1.0	1	0.0
5878960	2015-08-21 10:00:06	10566	1.0	1	0.0
3905505	2015-07-10 10:00:07	3144	1.0	1	0.0
4991711	2015-09-07 10:00:03	3599	1.0	1	0.0
1059124	2015-06-13 10:00:02	3052	1.0	1	0.0
1250046	2013-10-24 10:00:04	4618	1.0	1	0.0
1849881	2014-07-17 10:00:07	2914	1.0	1	0.0
5567145	2014-04-26 10:00:05	3090	1.0	1	0.0
4660806	2013-12-05 10:00:03	4270	1.0	1	0.0
2235906	2014-10-25 10:00:07	2097	1.0	1	0.0
4731933	2014-06-04 10:00:04	4665	1.0	1	0.0
4540811	2014-09-06 10:00:07	15795	1.0	1	0.0
3724705	2015-02-14 10:00:02	2825	1.0	1	0.0
4172725	2015-03-09 10:00:02	4294	1.0	1	0.0
3448450	2014-09-25 10:00:03	16470	1.0	0	0.0
5802327	2014-01-13 10:00:04	4510	1.0	1	0.0
1015359	2014-11-14 10:00:07	4757	1.0	1	0.0
5023230	2014-09-20 10:00:02	3446	1.0	1	0.0
5687208	2015-01-24 10:00:04	4104	1.0	1	0.0
3880795	2015-04-02 10:00:06	3141	1.0	1	1.0
4922215	2014-08-18 10:00:06	3039	1.0	1	0.0
3933564	2015-03-20 10:00:07	3955	1.0	1	0.0
2286701	2015-01-21 10:00:04	3622	1.0	1	0.0
5659904	2015-08-14 10:00:06	3574	1.0	1	1.0
2501225	2014-02-08 10:00:06	3976	1.0	1	1.0
5071478	2015-08-01 10:00:04	14704	1.0	1	0.0
4880020	2013-12-20 10:00:05	16246	1.0	1	0.0
2175280	2015-04-15 10:00:05	3177	1.0	1	0.0
5729259	2015-03-07 10:00:02	16329	1.0	1	0.0
5377166	2014-08-22 10:00:07	15236	1.0	1	0.0
5371817	2014-02-07 09:58:54	2549	1.0	1	0.0
4814300	2015-01-31 10:00:02	4758	1.0	1	0.0
1374267	2014-04-07 10:00:05	3071	1.0	1	0.0
2935241	2015-08-24 10:00:07	3324	1.0	1	0.0
3625730	2015-02-23 10:00:04	10180	1.0	1	0.0
4994983	2014-03-10 10:00:06	4286	1.0	1	0.0
3294557	2013-08-08 10:00:02	10532	1.0	1	0.0
5041203	2014-01-15 10:00:03	4650	1.0	1	1.0
4180285	2015-02-13 10:00:03	14791	1.0	1	0.0
4177882	2014-10-06 10:00:06	3542	1.0	1	0.0
5592714	2015-06-19 10:00:03	3051	1.0	1	1.0
5644397	2013-07-11 10:00:06	15659	1.0	1	0.0
5641116	2015-08-27 10:00:04	10404	1.0	1	0.0
3546144	2014-11-28 10:00:07	3377	1.0	1	0.0
4590342	2014-05-14 10:00:03	3429	1.0	1	0.0
2100105	2015-07-17 10:00:04	16217	1.0	1	0.0
3743833	2014-04-23 10:00:02	2158	1.0	1	0.0
5171632	2014-07-28 10:00:07	15692	1.0	1	0.0
5419635	2013-07-27 10:00:04	2083	1.0	1	0.0
4898459	2015-07-23 10:00:03	3395	1.0	1	0.0
5431627	2013-12-20 10:00:03	15511	1.0	1	0.0
4434589	2015-10-01 10:00:06	4184	1.0	1	0.0
5919982	2014-06-28 10:00:03	3185	1.0	1	0.0
3951802	2014-03-12 10:00:04	2235	1.0	1	0.0
3622829	2015-08-04 10:00:06	15779	1.0	1	0.0
2717489	2015-11-06 10:00:03	4351	1.0	1	0.0
2276255	2015-06-04 10:00:02	3446	1.0	1	0.0
1163106	2014-10-18 10:00:06	15988	1.0	1	0.0
5103181	2014-11-20 10:00:04	2615	1.0	1	0.0
4088051	2013-10-24 10:00:06	4729	1.0	0	0.0
5587564	2013-08-06 10:00:03	3622	1.0	1	0.0
3920402	2014-10-18 10:00:04	3341	1.0	1	0.0
5464206	2014-10-30 10:00:07	3711	1.0	1	0.0
2111468	2015-04-07 10:00:07	4137	1.0	1	0.0
4354037	2014-04-16 10:00:04	3203	1.0	0	0.0
3427339	2014-08-30 10:00:04	2797	1.0	1	0.0
3095684	2014-05-15 10:00:03	4940	1.0	1	0.0
1624358	2015-01-26 10:00:06	4611	1.0	1	0.0
2292713	2014-11-01 10:00:03	2526	1.0	1	0.0
1649818	2015-05-22 10:00:04	3377	1.0	1	0.0
5913026	2014-07-07 10:00:07	10097	1.0	1	0.0
1796043	2014-10-23 10:00:02	16432	1.0	1	0.0
4903704	2015-08-12 10:00:07	16366	1.0	1	0.0
4164174	2013-10-10 10:00:05	3425	1.0	1	0.0
1821037	2014-02-03 10:00:05	15409	1.0	1	0.0
2871538	2014-09-01 10:00:06	16063	1.0	1	0.0
1567252	2015-02-06 10:00:06	3698	1.0	1	0.0
2976148	2014-06-21 10:00:06	10445	1.0	1	0.0
2140382	2014-09-06 10:00:02	4471	0.0	1	0.0
2325756	2013-08-16 10:00:05	15910	1.0	1	0.0
1351883	2013-07-10 10:00:02	4168	1.0	1	0.0
1615281	2015-06-20 10:00:07	4573	1.0	1	0.0
3177400	2014-12-08 10:00:06	3586	1.0	1	0.0
1204820	2015-02-21 10:00:03	10293	1.0	1	0.0
3775109	2014-11-29 10:00:03	16540	1.0	1	0.0
3838927	2014-11-22 10:00:04	10307	1.0	1	0.0
4287765	2014-10-02 10:00:06	10215	1.0	1	0.0
5846496	2015-07-02 10:00:04	4887	1.0	1	0.0
3806265	2014-05-30 10:00:04	2885	1.0	1	0.0
5703437	2015-11-13 10:00:06	4300	1.0	1	0.0
4056801	2014-07-07 10:00:04	3536	0.0	1	0.0
5874532	2014-02-19 10:00:03	4727	1.0	1	0.0
3258328	2015-11-26 10:00:06	3472	1.0	1	0.0
5034573	2015-08-20 10:00:06	10151	1.0	1	0.0
2485092	2015-03-05 10:00:04	16420	1.0	1	0.0
1353613	2014-03-29 10:00:02	3151	1.0	1	0.0
1695605	2014-11-05 10:00:04	4972	1.0	1	0.0
4807427	2014-12-06 10:00:07	4528	1.0	1	0.0
1309512	2015-04-09 10:00:04	16156	1.0	1	0.0
2950189	2014-07-09 10:00:03	4982	1.0	1	0.0
3390771	2015-05-01 10:00:03	4487	1.0	1	0.0
3664520	2015-01-22 10:00:02	15512	1.0	1	0.0
1499274	2014-08-20 10:00:03	1953	1.0	1	0.0
4197850	2013-06-29 10:00:03	15915	1.0	1	0.0
2911517	2015-05-28 10:00:04	4097	1.0	1	0.0
2024946	2014-01-29 10:00:04	4045	1.0	1	0.0
3059830	2014-09-27 10:00:07	3823	1.0	1	0.0
5634744	2015-08-28 10:00:07	1041	1.0	1	0.0
2678191	2015-10-14 10:00:07	4346	1.0	1	0.0
5007083	2014-11-22 10:00:05	4312	1.0	1	0.0
3685499	2015-08-04 10:00:06	15623	0.0	1	0.0
5422108	2014-10-06 10:00:05	2711	1.0	1	0.0
3778773	2015-05-20 10:00:07	3468	1.0	1	0.0
2672501	2015-06-10 10:00:05	2906	1.0	1	0.0
2538157	2014-02-27 10:00:04	16287	1.0	1	0.0
1783564	2015-09-30 10:00:03	2916	1.0	1	0.0
3852175	2014-10-18 10:00:05	4252	0.0	1	0.0
3999655	2014-01-13 10:00:05	16076	1.0	1	0.0
2889885	2014-05-14 10:00:03	4049	1.0	1	0.0
4979395	2013-09-02 10:00:06	3409	1.0	1	0.0
4767216	2013-11-02 10:00:04	16697	1.0	1	0.0
5106732	2013-07-17 10:00:03	3570	1.0	1	0.0
2601731	2014-10-03 10:00:05	2336	1.0	1	0.0
5709177	2014-01-11 10:00:05	10118	1.0	1	0.0
5823940	2015-07-10 10:00:07	2333	1.0	1	0.0
1797115	2013-11-16 10:00:03	3017	0.0	1	0.0
4567700	2014-07-16 10:00:07	15612	1.0	1	0.0
5839876	2015-07-29 10:00:06	3684	1.0	1	0.0
2350754	2014-02-08 10:00:02	2543	1.0	1	0.0
4654341	2015-01-17 10:00:05	3526	1.0	1	0.0
1493330	2015-04-07 10:00:04	1858	1.0	1	0.0
2501459	2013-10-19 10:00:05	3740	0.0	1	1.0
4170806	2015-09-25 10:00:03	15743	1.0	1	0.0
5560840	2015-06-05 10:00:04	3860	1.0	0	0.0
2621408	2014-11-07 10:00:02	16419	1.0	1	0.0
3098975	2014-07-04 10:00:07	4553	1.0	1	0.0
1061023	2014-07-17 10:00:02	16292	1.0	1	1.0
2627207	2015-01-31 10:00:04	3480	0.0	1	0.0
1311803	2014-02-14 10:00:02	4527	1.0	1	0.0
5879915	2014-05-24 10:00:04	4999	1.0	1	0.0
4468562	2014-02-10 10:00:04	4494	1.0	1	0.0
3152894	2013-07-24 10:00:05	10235	1.0	1	0.0
3930246	2014-07-25 10:00:06	15847	0.0	1	0.0
5832279	2014-10-31 10:00:04	2596	1.0	1	0.0
3382260	2014-05-06 10:00:05	4428	0.0	1	0.0
4763322	2013-12-19 10:00:04	3071	1.0	1	0.0
3959483	2015-06-06 10:00:04	3269	1.0	1	0.0
2020588	2014-01-11 10:00:03	3675	1.0	1	0.0
5631536	2015-07-02 10:00:07	2497	1.0	1	0.0
1533313	2014-11-14 10:00:05	3189	1.0	1	0.0
5530680	2014-04-09 10:00:03	10395	1.0	1	0.0
5988717	2015-02-23 10:00:05	4271	1.0	1	0.0
1476751	2014-04-07 10:00:07	4458	1.0	1	0.0
2043712	2015-10-14 10:00:06	2873	1.0	1	0.0
4177401	2015-06-22 10:00:02	10427	1.0	1	0.0
1089087	2015-07-24 10:00:04	15444	1.0	1	0.0
1032944	2015-12-09 10:00:05	4210	1.0	1	0.0
2650546	2015-07-13 10:00:04	15809	1.0	1	0.0
5763278	2014-08-20 10:00:05	3976	1.0	1	0.0
5208655	2015-09-11 10:00:07	2859	1.0	1	0.0
3333795	2014-05-31 10:00:06	4347	1.0	1	0.0
2294000	2015-09-25 10:00:03	3976	1.0	1	0.0
4828127	2014-10-22 10:00:03	15375	1.0	1	0.0
1540402	2015-08-27 10:00:03	4874	1.0	1	0.0
3856895	2014-07-28 10:00:02	13868	1.0	1	0.0
1546193	2014-12-15 10:00:07	16275	1.0	1	0.0
5811324	2014-05-09 10:00:03	3524	1.0	1	1.0
2805692	2014-10-22 10:00:05	15833	1.0	1	0.0
3307600	2015-07-27 10:00:05	4877	1.0	1	0.0
2518231	2015-03-20 10:00:07	10164	1.0	1	0.0
2746112	2015-06-04 10:00:02	15499	1.0	0	0.0
5188458	2014-05-14 10:00:03	4989	1.0	1	0.0
2566400	2014-03-26 10:00:06	3509	1.0	1	0.0
4595588	2013-12-05 10:00:02	3676	1.0	1	0.0
5106302	2015-11-14 10:00:04	3768	1.0	1	0.0
3670693	2015-02-20 10:00:02	2255	1.0	1	0.0
2730281	2015-07-02 10:00:02	4841	1.0	1	0.0
3038643	2015-11-26 10:00:07	3048	1.0	1	0.0
5637250	2013-10-17 10:00:05	1979	1.0	1	0.0
4616543	2015-05-26 10:00:06	3033	1.0	1	0.0
5247806	2015-12-14 10:00:02	15241	1.0	1	0.0
4066734	2014-08-02 09:58:29	15858	1.0	1	0.0
2812535	2014-11-24 10:00:04	10043	1.0	1	0.0
3339229	2014-08-02 10:00:03	3305	1.0	1	0.0
5213403	2014-10-15 10:00:03	15729	1.0	1	0.0
5626366	2015-06-17 10:00:04	4133	1.0	1	0.0
2061444	2015-03-11 10:00:03	16333	1.0	1	0.0
4988987	2014-09-19 10:00:05	2706	1.0	1	0.0
5569685	2014-03-05 10:00:06	3690	1.0	0	0.0
4109596	2014-03-31 10:00:04	10290	1.0	1	0.0
2502458	2014-12-12 10:00:05	3834	1.0	1	0.0
1423061	2014-08-22 10:00:07	3572	1.0	1	0.0
5807292	2015-01-14 10:00:05	4930	1.0	1	0.0
2543198	2015-07-02 10:00:06	3083	1.0	0	0.0
2925369	2015-02-12 10:00:05	1861	1.0	1	0.0
4541585	2013-10-28 10:00:05	4982	1.0	1	0.0
3379944	2014-03-07 10:00:03	16507	1.0	1	0.0
2396269	2015-02-12 10:00:05	3269	1.0	1	0.0
1737293	2015-04-01 10:00:03	3698	1.0	1	0.0
5625188	2015-11-14 10:00:05	2896	1.0	1	0.0
4561951	2014-12-17 10:00:05	16149	1.0	1	0.0
3578914	2013-10-19 10:00:06	2955	1.0	1	0.0
5226747	2014-04-05 10:00:07	15721	1.0	0	0.0
2923672	2014-05-14 10:00:03	15737	1.0	1	1.0
3433790	2014-01-24 10:00:03	2880	1.0	1	0.0
3683168	2014-09-01 10:00:04	4198	1.0	1	0.0
5313859	2014-12-06 10:00:07	2599	1.0	1	0.0
2577567	2015-02-21 10:00:05	4314	1.0	1	0.0
3656418	2015-08-08 10:00:02	10522	1.0	1	0.0
3443538	2014-07-23 10:00:04	4881	1.0	1	0.0
5580585	2014-07-30 10:00:07	4001	1.0	1	0.0
3254694	2015-07-13 10:00:04	3831	1.0	0	0.0
3299773	2015-03-04 10:00:06	3211	1.0	0	0.0
5100018	2014-10-17 10:00:07	10411	1.0	1	1.0
5630065	2013-10-24 10:00:05	3394	1.0	1	0.0
3543447	2014-10-22 10:00:05	3354	0.0	1	0.0
1734442	2015-05-13 10:00:04	2880	1.0	1	0.0
2110466	2015-09-25 10:00:05	3628	1.0	1	0.0
2342021	2014-07-14 10:00:05	10436	1.0	1	0.0
1899814	2014-11-29 10:00:05	2896	1.0	1	0.0
4134655	2015-03-28 10:00:04	4718	1.0	1	0.0
1210663	2014-08-01 10:00:04	2032	1.0	1	0.0
4988197	2014-03-19 10:00:04	4308	1.0	1	0.0
1836506	2013-10-19 10:00:03	2642	1.0	1	0.0
5698200	2015-02-21 10:00:05	2740	1.0	1	0.0
4638326	2015-02-21 10:00:03	16407	1.0	1	0.0
5768020	2013-11-20 10:00:03	16542	1.0	1	0.0
5496102	2015-03-20 10:00:03	3796	1.0	1	0.0
3799971	2014-06-02 10:00:07	14782	1.0	1	0.0
6016251	2014-07-25 10:00:02	4005	1.0	1	0.0
1372951	2015-09-23 10:00:03	2563	0.0	1	0.0
3960871	2014-12-08 10:00:02	16125	1.0	1	0.0
3137786	2015-06-24 10:00:07	1860	1.0	1	0.0
1415114	2015-12-14 10:00:04	10650	1.0	1	0.0
1169466	2014-02-28 10:00:05	3927	1.0	1	0.0
4588211	2015-04-11 10:00:05	10038	1.0	1	0.0
3461413	2013-12-06 10:00:06	4709	1.0	1	0.0
2896610	2015-07-31 10:00:03	4215	1.0	1	0.0
3976773	2015-09-17 10:00:02	4821	0.0	1	0.0
5245678	2014-11-29 10:00:06	1836	0.0	1	0.0
4236473	2015-11-05 10:00:02	2971	1.0	1	0.0
2710831	2015-10-10 10:00:03	10139	1.0	0	1.0
2245956	2014-12-05 10:00:03	3996	1.0	1	0.0
5400547	2015-01-24 10:00:07	4216	1.0	1	0.0
4639656	2013-07-10 10:00:03	16137	1.0	1	0.0
4562917	2014-03-19 10:00:07	10512	1.0	1	0.0
5570918	2014-12-13 10:00:03	10096	1.0	1	1.0
3833578	2015-01-17 10:00:04	2835	1.0	1	1.0
2550902	2015-08-04 10:00:05	2767	1.0	1	0.0
5652665	2015-09-07 10:00:03	3404	1.0	1	0.0
5018372	2015-04-20 10:00:05	4252	1.0	1	0.0
5007817	2015-09-12 10:00:04	14757	1.0	1	0.0
2081256	2014-06-30 10:00:06	3623	1.0	1	0.0
4731256	2015-02-11 10:00:05	3992	1.0	1	0.0
2750174	2013-09-07 10:00:04	3975	1.0	1	0.0
1334078	2013-12-20 10:00:07	3822	1.0	1	0.0
5831320	2014-05-16 10:00:06	3017	1.0	1	1.0
3346444	2013-06-14 10:00:04	14721	1.0	1	0.0
4035326	2013-12-05 10:00:06	16197	1.0	1	0.0
2655278	2015-06-24 10:00:06	2255	1.0	1	0.0
1568522	2015-01-10 10:00:07	15640	1.0	1	0.0
5631786	2015-11-28 10:00:03	15538	1.0	1	0.0
1013679	2013-08-12 10:00:04	10005	1.0	1	0.0
5585403	2015-06-06 10:00:04	10074	1.0	1	0.0
5416555	2015-03-19 10:00:04	10189	1.0	0	1.0
1646570	2014-09-08 10:00:02	4725	1.0	1	0.0
1465763	2014-02-08 10:00:05	3847	1.0	1	0.0
3511075	2015-01-28 10:00:03	4517	1.0	0	0.0
2236379	2013-10-17 10:00:04	2402	1.0	1	0.0
3610513	2014-09-22 10:00:05	3850	1.0	1	0.0
3774095	2014-07-17 10:00:05	15723	1.0	1	1.0
2618610	2015-08-20 10:00:07	4372	1.0	1	0.0
4977357	2014-09-26 10:00:06	15696	1.0	1	0.0
3153813	2014-05-08 10:00:03	4074	1.0	1	0.0
2816694	2014-10-13 10:00:02	16475	1.0	1	0.0
2244716	2013-12-04 10:00:05	4846	1.0	1	0.0
2819242	2015-08-13 10:00:05	15433	1.0	1	0.0
1106556	2015-04-29 10:00:05	10172	1.0	1	0.0
3550118	2015-05-02 10:00:04	4677	1.0	1	0.0
2723032	2014-11-21 10:00:06	4338	1.0	1	1.0
2333960	2015-09-04 10:00:07	4615	1.0	1	0.0
5830217	2015-05-14 10:00:04	3657	1.0	1	0.0
3449762	2015-11-30 10:00:07	15721	1.0	1	0.0
4040317	2015-10-15 10:00:05	2555	1.0	1	0.0
5769564	2013-10-04 10:00:07	16527	1.0	1	0.0
5779501	2014-01-20 10:00:02	3517	1.0	1	0.0
3648235	2013-11-15 10:00:04	4643	1.0	1	0.0
3211080	2015-03-27 10:00:02	2911	1.0	1	0.0
4280146	2014-11-03 10:00:06	15672	1.0	1	0.0
2822261	2014-02-13 10:00:04	4637	1.0	1	0.0
5010099	2015-03-11 10:00:04	3355	1.0	1	1.0
5685891	2014-11-03 10:00:02	4411	1.0	1	0.0
2040413	2015-03-28 10:00:06	2243	1.0	1	0.0
1673063	2013-08-03 10:00:03	3944	1.0	1	0.0
3824628	2015-09-05 10:00:05	3590	1.0	1	0.0
3563752	2015-10-23 10:00:03	16069	1.0	0	0.0
5668328	2014-07-03 10:00:07	3378	0.0	1	0.0
5256430	2015-11-19 10:00:04	4724	1.0	1	0.0
3843893	2013-10-17 10:00:03	4120	1.0	1	0.0
1148581	2013-12-07 10:00:04	3997	1.0	1	0.0
4415916	2015-04-07 10:00:06	2839	1.0	1	0.0
4599448	2014-08-16 10:00:05	4515	1.0	1	0.0
3011997	2014-10-02 10:00:04	10238	1.0	0	0.0
5873054	2014-01-13 10:00:06	2162	1.0	1	0.0
1948897	2014-11-21 10:00:04	4581	1.0	1	0.0
2576272	2014-11-12 10:00:03	14744	1.0	1	0.0
2066498	2015-08-27 10:00:06	10295	1.0	1	1.0
3299694	2015-11-27 10:00:05	4768	1.0	1	0.0
1187307	2015-06-11 10:00:06	2644	1.0	1	0.0
5375273	2014-08-15 10:00:04	10421	1.0	1	0.0
1223641	2014-11-03 10:00:04	2399	1.0	1	0.0
3682422	2015-04-24 10:00:06	16442	1.0	1	0.0
5920843	2013-10-09 10:00:02	3066	1.0	1	0.0
3946482	2015-02-12 10:00:03	4324	1.0	1	0.0
3419445	2015-01-16 10:00:03	2446	1.0	1	0.0
5647371	2014-03-05 10:00:05	3873	1.0	1	0.0
5425858	2014-05-14 10:00:06	3479	1.0	1	1.0
3878182	2014-08-01 10:00:03	2048	1.0	1	0.0
2835506	2015-04-30 10:00:07	4459	0.0	1	0.0
2238219	2014-06-18 10:00:03	4591	1.0	1	0.0
4274763	2014-07-26 10:00:05	3910	1.0	1	0.0
3361701	2014-08-18 10:00:03	4302	1.0	1	0.0
5891302	2015-05-09 10:00:03	15248	1.0	1	0.0
2187843	2015-05-22 10:00:07	4934	1.0	1	0.0
4517646	2014-10-04 10:00:05	16352	1.0	1	0.0
5878152	2015-05-13 10:00:07	1853	1.0	1	0.0
2088616	2014-02-14 10:00:05	10431	1.0	1	0.0
4333640	2015-01-17 10:00:06	4571	1.0	1	0.0
1481479	2014-10-24 10:00:04	16341	0.0	1	0.0
4800957	2013-07-31 10:00:06	3079	1.0	1	0.0
5182411	2014-10-04 10:00:02	10263	1.0	1	0.0
3163680	2014-11-03 10:00:05	16191	1.0	1	0.0
5807796	2014-01-31 10:00:03	3458	1.0	1	0.0
2753243	2014-06-04 10:00:06	10368	1.0	1	0.0
1958421	2014-11-15 10:00:04	4784	1.0	1	0.0
2266004	2013-07-25 10:00:07	3557	1.0	1	0.0
1616276	2013-11-07 10:00:02	3151	1.0	1	0.0
1725352	2013-08-17 10:00:03	3603	1.0	1	0.0
1718209	2015-01-10 10:00:06	3049	1.0	1	0.0
2561164	2013-08-09 10:00:06	3709	1.0	1	0.0
5582802	2013-07-10 10:00:03	16176	1.0	1	0.0
5390423	2015-06-12 10:00:02	2783	1.0	1	0.0
5564658	2014-02-24 10:00:03	2762	1.0	1	0.0
3165301	2014-01-11 10:00:02	3421	0.0	1	0.0
1191096	2014-03-07 09:58:05	4044	1.0	1	0.0
1271448	2014-03-24 10:00:07	16135	1.0	1	0.0
3190419	2014-07-04 10:00:05	4633	1.0	1	0.0
1406299	2014-12-08 10:00:06	4846	1.0	1	0.0
3459103	2014-10-13 10:00:06	4473	1.0	1	0.0
2379444	2015-05-29 09:59:21	15651	1.0	1	0.0
1852239	2014-08-21 10:00:04	2884	1.0	1	0.0
2283866	2014-06-30 10:00:06	15230	1.0	1	0.0
1557242	2015-02-21 10:00:03	3908	1.0	1	0.0
5249286	2014-09-08 10:00:03	4805	0.0	1	0.0
4990351	2015-11-20 10:00:03	3520	1.0	0	0.0
5076904	2015-03-11 10:00:04	4395	1.0	1	0.0
5677221	2015-01-31 10:00:04	4684	1.0	1	0.0
2528783	2014-11-28 10:00:06	4008	1.0	1	0.0
1671744	2014-07-31 10:00:02	10544	1.0	1	0.0
1514569	2014-05-17 10:00:05	2746	0.0	1	0.0
5764620	2015-02-21 10:00:05	10215	1.0	1	0.0
2071494	2015-04-11 10:00:07	3307	1.0	1	0.0
4448074	2013-11-21 10:00:05	15247	1.0	1	0.0
3846766	2015-12-11 10:00:06	2150	1.0	1	0.0
4300147	2015-01-23 10:00:07	3266	1.0	1	0.0
2739329	2014-10-25 10:00:04	1394	1.0	1	0.0
1534185	2014-03-29 10:00:05	14361	1.0	1	0.0
4621918	2015-04-08 10:00:03	3808	1.0	1	0.0
4176943	2014-05-15 10:00:04	1088	1.0	1	0.0
1670680	2013-12-21 10:00:04	3185	1.0	1	0.0
2265111	2014-10-27 10:00:04	3567	1.0	1	0.0
2280695	2013-08-15 10:00:04	2174	1.0	1	0.0
6010875	2014-09-26 10:00:02	15917	1.0	1	0.0
3660197	2015-07-09 10:00:07	4541	1.0	1	0.0
4603155	2015-04-24 10:00:07	4996	1.0	1	0.0
4540304	2015-04-29 10:00:05	2724	1.0	1	0.0
4444102	2014-08-23 10:00:06	2807	1.0	1	0.0
1089060	2015-10-31 10:00:02	16094	1.0	1	0.0
4591474	2013-10-14 10:00:06	13906	1.0	1	0.0
1703714	2013-11-22 10:00:03	2615	1.0	1	0.0
1375302	2015-04-02 10:00:07	2908	0.0	1	0.0
5616576	2015-08-06 10:00:06	2785	1.0	1	1.0
4175744	2014-03-27 10:00:02	4383	1.0	1	0.0
2134539	2015-04-11 10:00:06	3591	1.0	1	0.0
3691024	2014-12-12 10:00:03	2910	1.0	1	0.0
2198427	2015-04-24 10:00:05	10448	1.0	1	0.0
2207083	2015-02-06 10:00:03	3254	1.0	1	0.0
5871267	2015-05-07 10:00:06	16087	1.0	1	0.0
5823579	2015-07-18 09:59:00	4959	0.0	1	0.0
2391399	2015-01-26 10:00:05	10035	1.0	1	0.0
3082993	2014-11-19 10:00:03	10096	1.0	1	0.0
2555352	2015-02-14 10:00:03	10315	0.0	1	0.0
5120196	2015-06-04 10:00:05	3352	1.0	1	0.0
4661821	2015-05-15 10:00:05	1853	1.0	1	0.0
2058920	2015-01-12 10:00:07	3606	1.0	1	0.0
3529712	2015-04-10 10:00:06	15504	1.0	1	0.0
5956397	2015-12-11 10:00:05	4223	1.0	1	0.0
4534137	2014-03-05 10:00:06	3436	1.0	1	1.0
3696463	2014-12-20 10:00:07	4513	1.0	1	0.0
2451698	2014-06-28 10:00:02	4300	1.0	1	0.0
3034383	2014-09-13 10:00:05	4802	1.0	1	0.0
3446624	2014-06-27 10:00:07	17001	1.0	1	0.0
4835139	2015-08-21 10:00:04	16250	1.0	1	0.0
4299695	2015-02-28 10:00:05	3606	1.0	1	1.0
5771983	2014-06-07 10:00:07	2044	1.0	1	0.0
3463119	2015-09-05 10:00:05	4949	1.0	1	0.0
1069546	2014-10-04 10:00:06	3281	1.0	1	0.0
3365497	2014-11-12 10:00:03	2352	1.0	1	0.0
2979822	2013-06-08 10:00:06	14649	1.0	1	0.0
5465319	2015-11-26 10:00:06	10377	1.0	1	0.0
3502452	2015-08-26 10:00:05	3971	1.0	1	1.0
3762025	2014-10-16 10:00:06	3979	1.0	1	0.0
4316002	2015-08-12 10:00:06	15375	1.0	1	0.0
1151256	2015-02-12 10:00:04	4556	1.0	1	0.0
2314762	2015-11-28 10:00:06	4620	1.0	1	0.0
4024300	2014-10-29 10:00:02	16065	1.0	0	1.0
1880526	2014-08-15 10:00:06	15791	1.0	1	0.0
1393374	2014-12-13 10:00:05	1529	1.0	1	0.0
5245498	2014-05-24 10:00:07	4045	1.0	1	0.0
2370113	2015-11-20 10:00:05	15480	1.0	0	1.0
1731351	2015-03-21 10:00:05	3689	1.0	1	0.0
3573679	2014-02-22 10:00:07	3425	1.0	0	0.0
3013575	2013-12-20 10:00:07	10599	1.0	1	0.0
5573728	2013-10-14 10:00:04	4290	1.0	1	0.0
2682605	2015-02-21 10:00:06	1797	1.0	1	0.0
2796446	2015-06-05 10:00:06	3964	1.0	1	0.0
3818480	2014-04-07 10:00:04	3061	1.0	1	0.0
5112013	2014-06-23 10:00:06	10019	1.0	1	0.0
1435910	2013-06-08 10:00:02	14655	1.0	1	0.0
1886742	2014-07-25 10:00:05	4327	1.0	1	0.0
1550674	2015-01-10 10:00:05	15215	1.0	1	0.0
1661126	2013-10-19 10:00:04	2419	1.0	1	0.0
2768244	2015-09-26 10:00:04	14798	1.0	1	0.0
4055625	2013-07-17 10:00:07	3124	1.0	1	0.0
3208751	2014-03-13 10:00:05	10189	1.0	1	0.0
3349260	2015-11-06 10:00:05	2008	1.0	0	0.0
5164106	2015-08-20 10:00:06	10471	1.0	1	0.0
5992351	2015-08-06 10:00:05	3845	1.0	1	0.0
1684816	2014-03-13 10:00:05	2083	1.0	1	0.0
2187647	2013-08-01 10:00:06	4496	1.0	1	0.0
2525825	2015-10-01 10:00:07	15892	1.0	0	0.0
1749685	2015-02-02 10:00:04	4772	1.0	1	0.0
1287616	2014-02-14 10:00:03	16537	1.0	1	0.0
4527662	2015-09-04 10:00:04	15895	1.0	1	0.0
5828286	2015-11-13 10:00:04	2982	1.0	1	0.0
5681590	2015-10-15 10:00:02	15233	1.0	1	0.0
1619101	2015-10-14 10:00:05	4655	1.0	1	0.0
4177053	2015-07-27 10:00:04	16407	1.0	1	0.0
4665143	2015-10-23 10:00:06	3083	1.0	1	0.0
2098326	2015-06-05 10:00:06	3113	1.0	1	0.0
4064395	2014-08-30 10:00:07	4337	1.0	1	0.0
2582846	2013-06-05 10:00:06	16140	1.0	1	0.0
1443805	2014-09-01 10:00:04	3555	1.0	1	0.0
2992960	2014-09-20 10:00:06	10449	1.0	1	0.0
5018792	2015-10-16 10:00:03	2181	1.0	1	0.0
4870849	2013-11-20 10:00:04	4228	1.0	1	0.0
1982708	2015-04-08 10:00:06	16235	0.0	0	0.0
4980003	2015-05-07 10:00:04	16499	1.0	1	0.0
4847933	2015-03-13 10:00:07	15561	1.0	1	0.0
2070396	2015-02-27 10:00:05	3121	1.0	1	0.0
3918297	2013-08-14 10:00:04	2815	1.0	1	0.0
3163609	2015-01-26 10:00:06	4574	1.0	1	0.0
3185916	2014-05-03 10:00:06	2210	1.0	1	1.0
5513727	2013-12-07 10:00:03	16091	0.0	1	0.0
4144310	2014-05-01 10:00:02	10188	1.0	1	0.0
5535682	2014-02-28 10:00:04	2088	1.0	1	0.0
3053554	2013-10-21 10:00:03	4330	1.0	1	0.0
4097953	2014-02-22 10:00:03	10466	1.0	1	0.0
3923196	2015-11-28 10:00:03	15516	1.0	1	0.0
5648438	2015-02-14 10:00:07	10091	1.0	1	0.0
5756309	2015-07-25 10:00:05	10466	1.0	1	0.0
1768431	2015-04-16 10:00:03	16267	1.0	1	0.0
5890515	2014-11-06 10:00:04	3404	1.0	1	0.0
1620108	2014-10-10 10:00:07	4160	1.0	1	0.0
3964001	2014-03-17 10:00:05	16367	1.0	1	0.0
1151699	2015-04-25 10:00:06	15623	1.0	1	0.0
2659066	2014-09-22 10:00:02	3630	1.0	1	0.0
4241835	2015-12-17 10:00:07	15865	1.0	0	0.0
4223942	2015-01-09 10:00:07	14710	1.0	1	0.0
2006601	2015-01-10 10:00:04	2552	1.0	1	0.0
1798428	2014-10-20 10:00:07	3490	1.0	1	0.0
5169077	2015-03-20 10:00:02	4790	1.0	1	0.0
5182910	2014-05-06 10:00:04	2432	1.0	1	0.0
2830894	2014-02-28 10:00:03	4661	1.0	1	1.0
3199572	2015-02-20 10:00:04	10038	1.0	1	0.0
1843809	2014-06-04 10:00:07	4544	1.0	1	0.0
2359127	2014-10-31 10:00:03	2537	1.0	1	0.0
2696741	2014-07-17 10:00:07	4812	1.0	1	0.0
3804662	2015-07-13 10:00:04	2450	1.0	1	0.0
3497280	2015-06-17 10:00:02	15201	1.0	1	0.0
5427599	2015-01-12 10:00:02	4942	1.0	1	0.0
5659450	2015-02-21 10:00:06	4547	1.0	1	0.0
1031891	2014-04-30 10:00:04	3560	0.0	1	0.0
2584854	2014-12-15 10:00:05	4462	1.0	1	0.0
3709773	2015-07-30 10:00:05	2162	1.0	1	0.0
1420984	2015-03-05 10:00:03	1390	0.0	1	0.0
4013659	2013-08-19 10:00:04	2411	1.0	1	0.0
1701378	2014-05-22 10:00:07	16170	1.0	1	0.0
1005663	2015-09-05 10:00:04	10570	1.0	1	0.0
2801067	2015-11-20 10:00:04	15776	1.0	1	0.0
3171696	2014-10-08 10:00:05	3450	1.0	0	0.0
4135504	2014-01-09 10:00:06	15818	1.0	0	1.0
1845326	2014-11-15 10:00:07	2929	1.0	1	0.0
5039785	2015-07-23 10:00:07	2425	1.0	1	0.0
3715433	2015-07-10 10:00:04	16323	1.0	1	0.0
1059014	2014-07-11 10:00:03	3927	1.0	1	0.0
3544215	2015-06-26 10:00:05	4229	1.0	1	1.0
2330554	2014-05-17 10:00:02	15499	1.0	1	0.0
2801283	2015-12-21 10:00:05	4751	1.0	0	0.0
2127829	2015-09-09 10:00:03	10438	1.0	1	0.0
5304120	2014-03-29 10:00:07	4261	1.0	1	0.0
1973195	2015-08-10 10:00:06	4030	1.0	1	0.0
3147235	2014-01-13 10:00:07	3083	1.0	1	0.0
4539991	2014-06-13 09:58:24	4115	1.0	1	1.0
5731510	2014-11-17 10:00:04	15834	1.0	1	0.0
5289506	2014-09-20 10:00:04	4839	1.0	1	0.0
5533966	2014-04-24 10:00:07	2310	1.0	1	0.0
4991414	2015-11-13 10:00:07	3237	1.0	1	0.0
3331400	2015-03-12 10:00:05	4887	1.0	1	0.0
5163868	2014-11-21 10:00:03	10445	1.0	1	0.0
3708451	2015-11-14 10:00:06	4989	1.0	1	0.0
1962758	2015-01-28 10:00:04	3472	1.0	1	0.0
3874498	2015-05-28 10:00:02	2104	1.0	1	0.0
1155284	2015-01-30 10:00:06	3220	1.0	1	0.0
5542382	2015-02-20 10:00:04	3159	1.0	1	0.0
1763627	2015-02-28 10:00:06	2533	1.0	1	0.0
5790148	2015-04-07 10:00:04	3335	1.0	1	0.0
1261683	2015-07-22 10:00:03	2143	1.0	1	0.0
1736057	2014-09-20 10:00:04	16515	1.0	1	0.0
4556814	2014-09-06 10:00:02	15787	1.0	1	0.0
1012512	2015-05-14 10:00:06	3514	1.0	1	0.0
2540596	2014-05-31 09:59:19	2177	1.0	1	0.0
3456531	2014-07-19 10:00:05	2490	1.0	1	0.0
1610768	2015-03-28 10:00:03	16400	1.0	1	0.0
3612761	2014-11-21 10:00:04	4547	1.0	1	0.0
2515445	2014-09-29 10:00:03	2502	1.0	1	0.0
3110674	2014-07-28 10:00:06	3488	1.0	1	0.0
1850767	2014-11-03 10:00:07	4615	1.0	1	0.0
1911932	2014-11-28 10:00:02	3712	1.0	1	0.0
4137702	2013-11-16 10:00:07	3818	1.0	1	0.0
4757555	2014-07-21 10:00:04	3834	1.0	1	0.0
1754717	2014-03-08 10:00:05	4938	1.0	1	0.0
3511236	2014-04-10 10:00:04	15892	1.0	1	0.0
4571469	2015-04-11 10:00:05	3159	1.0	1	0.0
5337776	2014-07-12 10:00:06	3686	1.0	1	0.0
3362511	2015-06-26 10:00:06	10271	1.0	1	0.0
5280904	2015-04-27 10:00:03	4719	1.0	1	0.0
2278918	2014-05-19 10:00:06	3756	1.0	1	1.0
4940501	2014-10-10 10:00:06	16446	1.0	1	0.0
3911409	2014-07-12 10:00:02	3791	1.0	1	1.0
3614099	2014-02-01 10:00:07	2564	1.0	1	0.0
3950733	2015-11-16 10:00:05	2184	1.0	0	0.0
4238921	2013-06-17 10:00:04	13686	0.0	1	0.0
4973170	2015-07-23 10:00:04	16238	1.0	1	0.0
1451526	2014-11-15 10:00:04	4515	1.0	1	0.0
1214806	2015-07-31 10:00:06	4411	1.0	1	0.0
3416800	2015-10-29 10:00:05	3355	1.0	1	0.0
2795053	2014-05-14 10:00:07	10258	1.0	1	0.0
5578934	2014-07-11 10:00:02	10373	1.0	1	0.0
3074125	2015-03-12 10:00:04	3397	1.0	1	0.0
5027818	2014-06-20 10:00:04	2367	1.0	1	0.0
2651591	2013-10-19 10:00:05	4071	1.0	1	0.0
5976466	2015-08-19 10:00:05	15623	1.0	1	0.0
2914512	2015-03-26 10:00:04	10354	1.0	1	0.0
4263289	2013-10-24 10:00:06	4899	1.0	1	0.0
3061764	2013-07-20 10:00:03	3189	1.0	1	0.0
1091570	2015-09-25 10:00:06	2110	1.0	1	0.0
1368969	2015-10-19 10:00:03	3431	1.0	1	0.0
2340495	2014-12-15 10:00:02	3184	1.0	1	0.0
3696859	2015-08-14 10:00:02	3858	1.0	1	0.0
4962889	2015-03-27 10:00:07	2699	1.0	1	0.0
1059296	2015-08-24 10:00:05	4629	1.0	1	0.0
2723742	2015-04-15 10:00:06	4009	1.0	1	0.0
2230372	2015-02-21 10:00:03	4353	1.0	1	0.0
3368193	2014-11-21 10:00:07	10144	1.0	1	0.0
2369414	2014-04-07 10:00:04	14765	1.0	1	0.0
5428992	2014-05-30 10:00:05	4887	1.0	1	0.0
2274224	2015-09-17 10:00:06	2652	1.0	1	0.0
2851699	2015-04-01 10:00:04	3220	1.0	1	0.0
3417820	2013-11-23 10:00:03	10332	1.0	0	0.0
1153453	2015-12-12 10:00:07	4033	1.0	1	0.0
1620236	2013-07-04 10:00:04	15890	1.0	1	0.0
2132505	2015-03-23 10:00:06	3845	1.0	1	0.0
3804189	2015-09-12 10:00:07	15641	1.0	1	0.0
3976640	2014-09-05 10:00:04	2931	1.0	1	0.0
5580061	2015-07-17 10:00:06	3606	1.0	1	0.0
2961770	2013-12-16 10:00:07	14710	1.0	1	0.0
4765699	2014-10-18 10:00:05	4914	1.0	1	0.0
5293678	2013-10-16 10:00:05	2711	1.0	0	0.0
4170132	2015-07-17 10:00:07	15697	1.0	1	0.0
3889895	2014-11-07 10:00:03	3823	1.0	0	0.0
6011893	2013-11-20 10:00:03	13644	1.0	1	0.0
2428911	2014-10-02 10:00:07	3026	1.0	1	0.0
2412377	2014-06-13 10:00:04	3378	1.0	1	0.0
5900669	2014-03-05 10:00:07	3694	1.0	1	0.0
2218328	2014-04-28 10:00:06	15225	1.0	0	0.0
2930787	2015-06-26 10:00:03	13667	1.0	1	0.0
2829857	2014-08-07 10:00:06	4661	1.0	1	0.0
4729655	2015-10-08 10:00:07	2119	1.0	1	0.0
2811793	2015-09-04 10:00:07	15929	1.0	1	0.0
4349745	2014-06-13 10:00:04	3751	1.0	1	0.0
5542680	2014-10-03 10:00:06	4003	1.0	1	0.0
2716516	2014-10-09 10:00:06	4371	1.0	1	0.0
5420047	2015-05-22 10:00:07	4681	1.0	1	0.0
2985478	2014-12-08 10:00:06	4015	1.0	1	0.0
1982517	2014-05-06 10:00:03	4937	1.0	1	0.0
3511971	2015-06-11 10:00:07	4628	1.0	1	0.0
4681210	2014-04-04 10:00:03	3419	1.0	1	0.0
2552049	2014-05-27 10:00:07	16312	1.0	1	0.0
2306895	2014-07-05 10:00:05	10153	1.0	1	0.0
6023870	2015-10-23 10:00:04	2250	1.0	1	0.0
1208827	2014-08-09 10:00:05	3555	1.0	0	0.0
3213427	2015-07-13 10:00:03	16435	1.0	0	0.0
2148227	2014-08-21 10:00:06	16256	1.0	1	0.0
2690523	2015-08-28 10:00:03	4650	1.0	1	0.0
3689582	2014-04-05 10:00:06	3048	1.0	1	0.0
1819083	2013-12-16 10:00:03	2446	1.0	1	0.0
1363582	2013-12-02 10:00:05	3947	1.0	1	0.0
4703448	2015-09-19 10:00:05	16258	1.0	1	0.0
3097465	2014-02-10 10:00:03	2540	1.0	1	0.0
5490454	2015-10-05 10:00:06	3820	1.0	1	0.0
1153252	2015-10-16 10:00:06	2804	1.0	1	0.0
3507314	2015-10-29 10:00:04	16385	1.0	1	0.0
3823538	2014-11-29 10:00:04	14663	1.0	1	0.0
3697803	2015-01-26 10:00:04	4817	1.0	1	1.0
1283673	2013-10-14 10:00:04	10077	1.0	1	0.0
3887555	2014-07-26 10:00:07	10590	1.0	1	0.0
1573548	2014-08-16 10:00:07	4789	1.0	1	0.0
2032587	2015-02-06 10:00:05	13894	1.0	1	0.0
2014443	2014-03-21 10:00:07	4699	1.0	1	0.0
5888525	2015-01-14 10:00:07	4971	1.0	1	0.0
3006437	2015-11-14 10:00:03	4552	1.0	0	0.0
4008076	2014-11-08 10:00:06	3556	1.0	1	0.0
5150606	2015-07-18 10:00:05	3330	1.0	1	0.0
4728082	2015-02-21 10:00:06	15465	0.0	1	0.0
5214801	2013-11-02 10:00:06	4271	1.0	1	0.0
4010786	2014-12-12 10:00:06	10068	1.0	1	0.0
4458054	2015-03-20 10:00:03	2314	1.0	1	1.0
3859166	2013-12-14 10:00:03	4319	1.0	1	1.0
3011946	2014-12-12 10:00:06	2037	1.0	0	0.0
1731173	2015-02-18 10:00:03	4135	1.0	1	0.0
4338838	2014-03-12 10:00:04	3953	1.0	1	0.0
3077577	2015-05-02 10:00:04	3402	1.0	1	0.0
5217877	2014-09-01 10:00:04	14755	1.0	1	0.0
1328654	2014-10-03 10:00:04	15823	1.0	1	0.0
5999991	2015-05-08 10:00:06	4379	1.0	1	0.0
4275235	2014-02-28 10:00:05	4389	1.0	1	0.0
2666440	2014-04-05 10:00:07	4258	1.0	1	0.0
5676246	2015-03-20 10:00:03	3627	1.0	1	0.0
5404432	2014-04-10 10:00:02	10303	1.0	1	0.0
2236297	2014-03-29 10:00:02	16232	1.0	1	0.0
5609613	2013-12-05 10:00:06	4273	1.0	1	0.0
3389389	2014-02-20 10:00:05	10239	1.0	1	0.0
1030351	2015-07-03 10:00:07	3759	1.0	1	0.0
2454246	2013-06-01 10:00:03	3141	1.0	1	0.0
4138182	2014-09-01 10:00:07	3771	1.0	1	0.0
4692868	2014-01-15 10:00:07	4955	1.0	0	0.0
5329724	2013-06-08 10:00:03	4216	1.0	1	0.0
3422597	2015-08-20 10:00:04	4136	1.0	1	0.0
2409212	2014-08-23 10:00:07	2077	1.0	1	0.0
4539206	2014-12-06 10:00:05	16288	1.0	1	0.0
4204830	2015-11-30 10:00:06	16052	1.0	1	0.0
3846749	2014-08-13 10:00:02	4678	1.0	1	0.0
5998656	2014-02-14 10:00:06	10093	1.0	1	0.0
1660991	2014-05-01 10:00:05	4460	1.0	1	0.0
3469499	2014-12-15 10:00:03	10188	1.0	1	0.0
5844872	2014-05-27 10:00:04	16418	1.0	1	0.0
6007687	2014-12-13 10:00:04	10518	1.0	1	0.0
1170475	2015-04-16 10:00:05	2632	1.0	1	0.0
4624501	2014-06-13 10:00:03	4132	1.0	1	0.0
5172049	2014-10-11 10:00:03	3080	1.0	1	0.0
4745582	2014-11-12 10:00:05	4208	1.0	1	0.0
5116170	2014-11-08 10:00:06	2964	1.0	1	0.0
1544641	2015-10-02 10:00:06	16218	1.0	1	0.0
4352548	2015-05-21 10:00:03	3707	1.0	1	0.0
3544146	2015-01-23 10:00:05	15502	1.0	1	0.0
5874802	2015-03-25 10:00:05	4348	1.0	1	0.0
4467378	2015-04-29 10:00:02	13784	1.0	1	0.0
2276508	2014-11-22 10:00:06	15433	1.0	1	0.0
5054237	2014-06-30 10:00:05	4327	1.0	1	0.0
1248583	2014-02-14 10:00:05	2044	1.0	1	0.0
1385735	2014-09-27 10:00:04	3709	1.0	1	0.0
5340094	2015-06-26 10:00:02	15225	1.0	1	0.0
3245310	2014-09-19 10:00:03	10645	1.0	1	0.0
2230094	2015-05-09 10:00:03	15817	1.0	1	0.0
3814768	2014-02-24 10:00:07	3162	1.0	1	0.0
5573333	2015-02-06 10:00:02	4953	1.0	1	0.0
1946430	2015-08-26 10:00:07	15572	1.0	1	0.0
1400961	2015-10-15 10:00:07	1515	1.0	1	0.0
3782804	2015-06-05 10:00:02	2165	1.0	0	0.0
2951972	2015-05-29 10:00:04	3556	1.0	1	1.0
2891839	2015-04-29 10:00:04	10055	1.0	1	0.0
1910403	2015-07-02 10:00:03	10295	1.0	1	0.0
1760380	2015-06-24 10:00:03	2612	1.0	1	0.0
3742423	2015-10-08 10:00:06	15840	1.0	1	0.0
1799278	2015-10-02 10:00:04	4041	1.0	1	0.0
3237294	2014-04-16 10:00:05	4344	1.0	1	0.0
5404673	2013-11-18 10:00:03	2846	1.0	1	0.0
5583069	2015-08-12 10:00:03	2440	1.0	1	0.0
1294655	2015-06-03 10:00:04	2907	1.0	1	0.0
2247628	2015-03-21 10:00:05	3523	1.0	0	0.0
1246740	2014-07-12 10:00:02	4154	1.0	1	0.0
1762074	2013-10-24 10:00:06	2735	1.0	1	0.0
3966121	2013-06-01 10:00:04	4208	1.0	1	0.0
3625839	2013-12-12 10:00:06	16224	1.0	1	0.0
2369198	2013-12-06 10:00:04	16276	1.0	1	0.0
4572562	2014-08-20 10:00:07	3505	1.0	1	0.0
2022455	2015-05-20 10:00:07	3230	1.0	1	0.0
2143080	2014-06-06 10:00:03	2582	1.0	1	0.0
5416578	2014-11-15 10:00:03	15759	1.0	1	0.0
1708540	2015-05-14 10:00:02	4008	1.0	1	0.0
4451886	2015-04-23 10:00:06	3129	1.0	1	0.0
2171587	2014-10-01 10:00:05	4376	1.0	1	0.0
1241340	2015-01-28 10:00:06	4167	1.0	1	0.0
3896373	2014-11-01 10:00:06	15854	1.0	1	0.0
2189715	2014-03-20 10:00:06	3215	1.0	1	0.0
4560874	2015-03-14 10:00:05	3480	1.0	1	0.0
2541543	2015-08-19 10:00:06	2672	1.0	1	0.0
2419868	2014-11-15 10:00:03	2372	1.0	1	0.0
2794682	2014-04-12 10:00:02	10030	1.0	1	0.0
2332182	2014-05-22 10:00:03	4167	1.0	1	0.0
2995005	2015-10-02 10:00:03	2162	1.0	1	0.0
4528207	2013-06-01 10:00:05	3395	1.0	1	0.0
1968506	2014-06-30 10:00:04	3938	1.0	1	0.0
4333862	2015-07-23 10:00:04	3608	1.0	0	0.0
2098909	2014-08-23 10:00:05	3126	1.0	1	0.0
3928987	2014-02-17 10:00:06	3425	1.0	1	0.0
5912077	2015-10-03 10:00:03	3803	1.0	1	1.0
3634229	2015-08-13 10:00:06	4981	1.0	1	1.0
2080852	2014-09-24 10:00:06	4544	1.0	1	0.0
4791496	2014-10-15 10:00:06	10501	1.0	1	0.0
2586890	2014-10-10 10:00:04	10616	1.0	1	0.0
4668769	2014-03-17 09:59:18	4761	1.0	1	0.0
3053695	2015-06-29 10:00:04	15750	1.0	1	0.0
3114220	2014-05-30 10:00:05	3796	1.0	1	0.0
1646439	2014-04-14 10:00:04	15817	1.0	1	0.0
2706370	2014-11-05 10:00:06	3740	1.0	1	0.0
4772205	2013-06-03 10:00:06	10344	1.0	1	0.0
1039162	2014-10-25 10:00:03	4491	1.0	1	0.0
5964220	2014-02-15 10:00:06	16372	1.0	1	0.0
1813734	2015-02-13 10:00:02	2745	1.0	1	0.0
4422285	2015-11-23 10:00:06	15495	1.0	1	0.0
1501856	2014-05-06 10:00:05	15981	1.0	1	1.0
2748162	2013-07-20 10:00:03	3283	1.0	1	1.0
5512104	2015-04-20 10:00:06	10362	1.0	1	0.0
3754635	2013-07-27 10:00:07	2177	1.0	1	0.0
2186170	2014-10-22 10:00:06	3822	1.0	1	0.0
1701909	2015-01-14 10:00:02	3971	1.0	1	0.0
4431115	2015-07-17 10:00:02	4683	1.0	0	0.0
5059899	2014-03-21 10:00:06	4657	1.0	1	0.0
5693620	2015-03-04 10:00:06	2819	1.0	1	0.0
5147501	2014-11-22 10:00:07	10590	1.0	1	0.0
5634506	2015-04-22 10:00:03	3477	1.0	1	0.0
1565576	2014-02-27 10:00:06	15762	1.0	1	0.0
3043265	2015-08-21 10:00:05	4238	1.0	1	0.0
1274878	2015-09-25 10:00:07	4739	1.0	1	0.0
2376061	2015-12-18 10:00:07	15900	1.0	1	1.0
1899764	2015-06-26 10:00:04	3612	1.0	1	0.0
5063120	2015-06-18 10:00:04	15650	1.0	1	1.0
4263267	2014-10-11 10:00:07	15988	1.0	1	0.0
1865705	2015-06-12 10:00:05	16160	1.0	1	0.0
4151137	2015-04-11 10:00:05	10568	0.0	1	0.0
2494895	2014-09-08 10:00:04	4826	1.0	1	0.0
1258928	2014-11-19 10:00:06	4136	1.0	1	0.0
3883829	2014-01-11 10:00:03	4330	1.0	1	0.0
2238744	2014-07-23 10:00:05	2906	1.0	1	0.0
4544187	2014-04-07 10:00:07	3237	1.0	1	0.0
5095048	2014-06-05 10:00:06	4890	1.0	1	0.0
5548470	2015-09-04 10:00:02	10263	1.0	1	0.0
3879086	2015-04-15 10:00:02	15949	1.0	1	0.0
5000994	2015-01-24 10:00:06	3989	1.0	1	0.0
2349412	2013-10-28 10:00:04	3712	1.0	1	0.0
4389322	2014-04-28 10:00:04	3108	1.0	1	0.0
4419399	2015-02-13 10:00:06	2312	1.0	1	0.0
3692892	2014-01-11 10:00:05	15664	1.0	1	0.0
1031836	2014-03-20 10:00:06	14672	1.0	0	0.0
2107114	2015-06-11 10:00:04	4930	1.0	1	0.0
4214040	2013-11-30 10:00:05	10646	1.0	1	0.0
2790013	2015-10-23 10:00:04	3340	1.0	1	0.0
1582055	2013-11-25 10:00:04	3570	1.0	1	0.0
1833016	2014-06-14 09:59:23	3769	1.0	1	0.0
1916385	2014-03-15 10:00:07	16415	1.0	1	0.0
2208612	2015-05-07 10:00:03	4421	1.0	1	0.0
2590193	2014-11-17 10:00:07	10048	1.0	1	1.0
1001053	2014-05-17 10:00:07	4044	1.0	1	0.0
5373738	2014-09-24 10:00:05	13796	1.0	1	0.0
1571604	2015-07-20 10:00:02	3548	1.0	1	0.0
2209918	2015-07-10 10:00:03	2100	1.0	1	0.0
1048245	2015-05-29 10:00:06	4803	1.0	1	0.0
5345878	2014-10-11 10:00:04	1716	1.0	1	0.0
5626809	2015-04-08 10:00:06	3556	1.0	1	0.0
4819690	2015-01-12 10:00:07	4290	1.0	1	0.0
1307776	2015-07-16 10:00:06	16158	1.0	1	0.0
4270018	2015-07-10 10:00:07	4488	1.0	1	0.0
5449962	2014-03-21 09:58:05	4009	1.0	1	0.0
3729687	2014-12-17 10:00:05	15728	1.0	1	0.0
6014623	2015-12-17 10:00:07	3613	1.0	1	0.0
4807196	2015-02-21 10:00:04	16335	1.0	1	0.0
1935922	2015-12-21 10:00:03	3514	1.0	0	0.0
3180911	2015-06-29 10:00:04	15388	1.0	1	0.0
3568958	2015-12-19 10:00:04	3354	1.0	1	0.0
1624866	2014-09-22 10:00:07	10217	1.0	0	0.0
2003084	2015-05-20 10:00:06	15495	1.0	1	0.0
4472599	2014-10-30 10:00:03	3989	1.0	1	0.0
1601096	2015-02-16 09:58:16	2372	1.0	1	0.0
4698967	2014-06-26 10:00:02	14915	1.0	1	0.0
4420902	2015-01-29 10:00:02	16434	1.0	1	0.0
2322732	2013-10-17 10:00:05	4379	1.0	1	0.0
5412257	2014-04-09 09:58:55	16324	1.0	1	0.0
4187983	2015-08-06 10:00:06	10180	1.0	1	0.0
1268391	2013-07-10 10:00:05	14725	0.0	1	0.0
1995325	2015-12-03 10:00:05	4663	1.0	1	0.0
4234914	2013-12-16 10:00:04	10043	1.0	1	0.0
4012598	2015-05-21 10:00:03	2440	0.0	1	0.0
2300009	2014-04-24 10:00:06	4266	1.0	1	0.0
4172388	2014-04-12 10:00:03	4887	1.0	1	0.0
4932084	2013-07-10 10:00:05	16176	1.0	1	0.0
1227230	2014-11-14 10:00:07	16089	1.0	1	0.0
3483717	2014-10-25 10:00:03	3381	1.0	1	1.0
4515040	2014-07-11 10:00:06	10096	1.0	1	0.0
1267543	2015-01-14 10:00:06	15916	1.0	1	0.0
4549470	2014-08-09 10:00:06	10479	1.0	1	0.0
5936625	2015-02-27 10:00:04	4758	1.0	0	0.0
4758139	2014-05-17 10:00:04	3046	1.0	1	0.0
4987537	2015-10-29 10:00:06	4238	1.0	1	0.0
2295453	2014-11-28 10:00:07	2561	1.0	1	0.0
1417989	2015-01-21 10:00:06	10643	1.0	1	0.0
2657461	2015-08-01 10:00:03	10581	1.0	1	0.0
3777931	2015-02-06 09:59:13	14615	1.0	1	0.0
1917882	2015-01-26 10:00:05	2211	1.0	1	0.0
1277864	2015-03-06 10:00:03	2372	1.0	1	0.0
5125948	2014-10-22 10:00:03	15764	1.0	1	0.0
5829835	2014-02-12 10:00:06	4158		1	0.0
1589158	2013-11-22 10:00:03	3947	1.0	1	0.0
4220053	2015-03-12 10:00:07	3988	1.0	1	0.0
4313995	2015-12-12 10:00:05	4914	1.0	0	0.0
2372860	2014-11-08 10:00:03	10245	1.0	1	0.0
1006078	2014-10-01 10:00:05	2021	1.0	1	0.0
4025884	2013-11-16 10:00:03	1595	1.0	1	0.0
1554657	2015-08-14 10:00:06	4556	1.0	1	1.0
1884781	2015-09-16 10:00:07	4849	1.0	1	0.0
3416306	2014-04-30 10:00:04	14673	1.0	1	0.0
1116640	2015-09-19 10:00:07	3363	1.0	1	0.0
2776249	2014-06-20 10:00:05	16178	1.0	1	0.0
2181833	2014-04-26 10:00:05	10633	1.0	1	0.0
5605685	2013-10-30 10:00:04	15540	1.0	1	0.0
4731323	2014-11-17 10:00:06	16154	1.0	1	0.0
4092372	2014-11-22 10:00:06	3346	1.0	1	1.0
4693881	2014-01-25 10:00:03	3111	1.0	1	0.0
4114043	2015-05-23 10:00:03	2859	1.0	1	1.0
4290639	2015-07-04 10:00:04	16197	1.0	1	0.0
2104156	2013-07-04 10:00:06	3688	1.0	1	0.0
5031737	2015-05-28 10:00:06	3116	1.0	1	0.0
2256335	2014-11-01 10:00:07	2382	1.0	1	0.0
1826484	2015-11-26 10:00:03	10568	1.0	1	0.0
5168858	2015-04-20 10:00:07	3490	1.0	1	0.0
2378736	2013-11-22 10:00:05	3125	1.0	1	0.0
5606670	2014-06-02 10:00:03	16331	1.0	1	0.0
5233331	2014-11-15 10:00:03	4151	1.0	1	0.0
4989349	2015-08-12 10:00:04	15833	1.0	1	0.0
4449552	2014-11-21 10:00:02	3976	1.0	1	0.0
3101883	2014-12-05 10:00:05	2234	1.0	1	0.0
4098374	2014-10-06 10:00:05	2909	1.0	1	0.0
4035128	2013-10-28 10:00:05	3109	1.0	0	0.0
4394337	2015-09-19 10:00:05	3798	1.0	1	0.0
1807242	2015-05-23 10:00:06	4388	1.0	1	0.0
5710619	2015-11-19 10:00:06	4994	1.0	1	0.0
1849496	2014-08-20 10:00:06	14777	1.0	1	0.0
5964073	2014-09-27 10:00:06	2949	1.0	1	0.0
2785999	2014-07-26 10:00:02	3396	1.0	1	0.0
5554228	2014-02-21 10:00:03	1086	1.0	0	0.0
3690634	2015-02-20 10:00:06	2241	1.0	1	0.0
2233907	2014-09-13 10:00:06	4161	1.0	1	0.0
3580535	2014-06-19 10:00:06	2838	1.0	1	0.0
2395861	2014-02-17 10:00:04	14752	1.0	0	0.0
4578099	2014-03-08 10:00:03	16091	1.0	1	0.0
4773045	2015-05-23 10:00:06	16078	1.0	0	0.0
2484997	2013-08-14 10:00:03	4803	1.0	1	0.0
4642908	2015-04-23 10:00:04	2804	1.0	1	0.0
1491744	2013-10-04 10:00:06	14704	1.0	1	0.0
5184682	2015-12-14 10:00:06	10330	1.0	1	0.0
3295287	2014-05-14 10:00:05	3178	1.0	1	0.0
2368892	2015-11-04 10:00:06	3189	1.0	1	0.0
2778031	2015-09-24 10:00:07	2445	1.0	1	0.0
5050304	2014-05-01 09:59:19	15887	1.0	1	0.0
1938154	2013-11-21 10:00:04	1701	1.0	1	0.0
1670453	2015-08-20 10:00:02	10029	1.0	1	0.0
3311207	2014-12-05 10:00:02	3711	1.0	1	0.0
5735923	2015-06-15 10:00:04	3099	1.0	1	0.0
5929604	2015-09-26 10:00:04	16398	1.0	1	0.0
5640196	2015-01-09 10:00:07	14640	1.0	1	0.0
2308741	2015-12-07 10:00:04	10059	1.0	1	0.0
3493959	2015-07-20 10:00:06	3247	1.0	1	0.0
2467591	2015-04-15 10:00:05	4230	0.0	1	0.0
2409864	2015-07-23 10:00:07	10036	1.0	1	0.0
2204794	2014-06-13 10:00:06	4398	1.0	1	0.0
1673966	2015-10-02 10:00:05	16366	1.0	1	0.0
5592684	2015-08-15 10:00:06	10221	1.0	1	0.0
5780898	2015-07-20 10:00:06	4515	1.0	1	0.0
5841637	2015-04-16 10:00:05	4748	1.0	1	0.0
5131457	2013-10-28 10:00:07	16257	1.0	0	0.0
3682348	2015-09-18 10:00:03	16310	1.0	1	0.0
5774260	2015-02-27 10:00:06	3976	1.0	1	0.0
1746488	2015-07-10 10:00:06	10342	1.0	1	0.0
2918842	2015-03-04 10:00:07	14641	1.0	1	0.0
5608919	2014-08-30 10:00:06	4937	1.0	1	0.0
5354811	2015-05-29 10:00:05	15812	1.0	0	0.0
3298009	2015-10-01 10:00:02	16235	1.0	1	0.0
1084301	2014-12-17 10:00:02	3488	1.0	1	0.0
5443520	2014-08-09 09:58:55	2778	1.0	1	0.0
4075467	2014-04-24 10:00:03	4718	1.0	1	0.0
1915540	2015-06-04 10:00:04	3482	1.0	0	0.0
2006056	2013-10-31 10:00:07	3550	1.0	1	1.0
4610481	2015-07-15 10:00:04	3272	1.0	1	0.0
3674864	2014-09-13 10:00:02	1090	1.0	1	0.0
2412091	2014-05-15 10:00:02	3896	1.0	1	0.0
5822815	2014-07-17 10:00:02	3443	1.0	1	0.0
1941372	2014-07-12 10:00:05	16312	1.0	1	0.0
2990642	2015-11-30 10:00:06	4940	1.0	0	0.0
4893708	2015-07-25 10:00:05	3808	1.0	1	0.0
4911103	2014-02-14 10:00:05	10341	1.0	1	0.0
5242973	2014-06-09 10:00:07	15558	1.0	1	0.0
1325908	2015-06-03 10:00:03	15664	1.0	1	0.0
2481177	2015-04-17 10:00:07	3344	1.0	1	0.0
3903956	2015-01-31 10:00:05	2991	1.0	1	0.0
5498756	2014-09-26 10:00:05	4026	1.0	1	0.0
5649732	2014-10-06 10:00:07	3958	1.0	1	0.0
2765571	2015-09-25 10:00:03	16538	1.0	1	0.0
1054203	2013-08-16 10:00:03	3118	1.0	0	0.0
4428837	2014-01-23 10:00:04	10216	1.0	0	0.0
3757156	2013-07-13 10:00:07	14785	1.0	1	0.0
4051894	2015-07-03 10:00:07	4646	1.0	1	0.0
3910438	2015-11-20 10:00:06	16119	1.0	1	0.0
1193158	2014-06-05 10:00:02	16272	1.0	1	0.0
5505076	2014-08-09 10:00:05	16308	1.0	1	0.0
3451119	2015-10-14 10:00:03	4329	1.0	1	0.0
3738688	2014-06-19 10:00:03	15751	1.0	1	1.0
3085172	2015-05-14 10:00:04	2310	1.0	1	0.0
1355991	2015-10-02 10:00:05	14783	1.0	1	0.0
4089139	2015-09-19 10:00:07	3590	1.0	1	0.0
3637007	2015-10-05 10:00:03	15496	1.0	0	0.0
2868576	2015-01-31 10:00:03	4878	1.0	1	0.0
4658423	2014-07-03 10:00:07	10349	1.0	1	0.0
1670001	2014-07-05 10:00:07	4031	1.0	1	0.0
2742173	2014-09-05 10:00:02	4039	1.0	1	0.0
3713894	2014-07-30 10:00:07	3269	1.0	1	0.0
5949797	2013-07-17 10:00:03	15241	1.0	1	1.0
3048512	2014-11-01 10:00:04	4510	1.0	1	0.0
2730726	2014-07-19 10:00:05	15618	1.0	1	0.0
1349331	2015-02-13 10:00:06	4868	1.0	1	0.0
5576098	2015-06-01 10:00:02	3391	1.0	1	0.0
4356987	2015-05-29 10:00:03	15922	1.0	1	0.0
5483367	2015-03-04 10:00:04	17938	1.0	1	0.0
1207246	2014-10-06 10:00:04	16401	1.0	1	0.0
4796712	2015-05-08 10:00:03	4170	1.0	1	0.0
2633553	2015-02-20 10:00:04	4266	1.0	1	0.0
2682580	2015-04-15 10:00:02	4058	1.0	1	0.0
5275208	2013-10-14 10:00:04	15587	1.0	1	0.0
4325443	2014-09-08 10:00:04	13951	1.0	1	1.0
3379773	2014-09-19 10:00:05	15237	1.0	0	0.0
4653762	2014-12-08 10:00:07	4506	1.0	1	0.0
1964893	2015-01-10 10:00:07	3914	1.0	1	0.0
5396138	2014-01-15 10:00:07	4768	1.0	1	0.0
5453340	2015-10-15 10:00:07	1904	1.0	1	0.0
1948488	2013-08-19 10:00:03	3832	1.0	1	0.0
5556828	2015-07-02 10:00:03	4926	1.0	1	0.0
1511813	2015-11-20 10:00:05	14732	1.0	1	0.0
5083556	2014-04-23 10:00:03	2445	1.0	1	0.0
2600156	2014-07-02 10:00:04	4585	1.0	1	0.0
1438286	2014-03-05 10:00:04	4772	1.0	1	0.0
2730076	2013-10-04 10:00:03	16289	1.0	1	0.0
5468604	2015-11-16 10:00:05	16141	1.0	1	0.0
1197884	2014-01-29 10:00:05	2779	1.0	1	0.0
4985110	2015-08-14 10:00:03	14711	1.0	1	0.0
4591249	2014-10-23 10:00:07	15777	1.0	1	0.0
1144679	2013-12-16 10:00:05	4582	1.0	1	0.0
1295130	2015-05-15 10:00:06	3667	1.0	1	0.0
4090722	2015-01-14 10:00:06	3804	1.0	1	0.0
5061579	2014-11-22 10:00:02	10413	1.0	1	0.0
3755680	2015-05-13 10:00:05	10484	1.0	1	0.0
1271085	2015-11-20 10:00:03	15715	1.0	1	0.0
5445714	2014-01-13 10:00:06	10530	1.0	1	0.0
4400389	2014-06-16 10:00:03	2137	1.0	1	0.0
3284502	2014-08-28 10:00:02	3395	1.0	1	0.0
1103939	2014-03-20 10:00:06	10631	1.0	1	0.0
3495393	2015-03-20 10:00:05	3708	1.0	1	0.0
2055379	2014-09-29 10:00:05	16161	0.0	1	0.0
4383132	2014-10-20 10:00:03	4944	1.0	1	0.0
2665075	2015-08-28 10:00:02	4210	1.0	1	0.0
5765053	2014-02-26 10:00:06	4613	1.0	1	0.0
5213812	2015-09-18 10:00:06	2093	1.0	0	0.0
1157433	2014-05-10 10:00:03	2913	1.0	1	0.0
2487518	2014-12-10 10:00:05	15900	1.0	1	0.0
4885875	2013-11-02 10:00:04	3424	1.0	1	0.0
1783573	2014-10-15 10:00:03	2032	1.0	1	0.0
2167678	2014-07-12 10:00:07	10451	1.0	1	0.0
1907517	2014-05-17 10:00:04	3068	1.0	1	0.0
4156303	2014-02-15 10:00:04	10227	1.0	1	0.0
4293223	2014-09-20 10:00:05	3392	1.0	1	0.0
4841028	2014-04-23 10:00:07	4067	1.0	1	0.0
3197376	2014-11-08 10:00:04	15392	1.0	1	0.0
5374522	2013-10-04 10:00:04	4729	1.0	1	0.0
2578842	2014-02-27 10:00:06	4356	1.0	1	0.0
3416763	2015-06-11 10:00:06	4337	1.0	1	0.0
5399930	2014-01-25 10:00:06	4075	1.0	0	0.0
2907257	2014-12-19 10:00:07	4389	1.0	1	0.0
2615099	2014-02-15 10:00:05	3011	1.0	1	0.0
1396793	2013-10-31 10:00:04	3732	1.0	1	0.0
4671177	2015-07-06 10:00:05	16345	1.0	1	0.0
2609012	2015-12-17 10:00:05	10354	1.0	1	1.0
4758395	2015-12-03 10:00:05	2919	1.0	1	0.0
4112593	2015-11-28 10:00:05	3412	1.0	1	0.0
5474075	2014-10-20 10:00:07	2992	1.0	1	0.0
5310960	2015-05-01 10:00:06	14794	1.0	1	0.0
5403042	2014-09-12 10:00:05	3276	1.0	1	0.0
3779921	2015-03-28 10:00:03	3846	1.0	1	0.0
3816452	2014-12-06 10:00:03	15686	1.0	1	0.0
2424665	2015-11-06 10:00:03	10634	1.0	1	0.0
5557079	2014-05-17 10:00:03	3090	1.0	1	0.0
1785124	2015-10-29 10:00:02	2567	1.0	1	0.0
2550646	2014-04-14 10:00:05	2382	1.0	1	0.0
3028079	2014-07-21 10:00:04	15487	1.0	1	0.0
4795574	2015-02-11 10:00:07	10528	1.0	1	0.0
5260110	2015-06-26 10:00:03	4342	1.0	0	0.0
2803302	2015-07-22 10:00:06	15223	1.0	1	0.0
5447655	2015-01-24 10:00:04	2180	1.0	1	1.0
2170012	2014-08-29 10:00:04	2275	1.0	1	0.0
2816808	2015-02-20 10:00:06	3633	0.0	1	0.0
2288297	2014-01-09 10:00:02	4968	1.0	1	0.0
2206227	2015-05-20 10:00:06	4577	1.0	1	0.0
1410843	2015-05-29 10:00:03	3792	1.0	1	0.0
4432073	2015-01-14 10:00:06	16140	1.0	1	0.0
1870155	2015-10-23 10:00:03	2522	1.0	1	0.0
2021504	2015-05-23 10:00:05	16272	1.0	1	0.0
4935621	2015-01-24 10:00:05	2252	1.0	1	0.0
5537090	2014-10-02 10:00:06	4222	1.0	1	1.0
2393237	2014-05-17 10:00:02	2224	1.0	1	0.0
3292672	2013-06-01 10:00:06	16307	1.0	1	0.0
2449152	2015-09-14 10:00:04	16091	1.0	1	0.0
4982602	2015-10-08 10:00:03	2401	1.0	1	0.0
2879425	2015-03-20 10:00:05	2488	1.0	1	0.0
1099289	2013-07-19 10:00:05	16197	1.0	1	0.0
3457197	2014-06-28 10:00:05	2073	1.0	1	0.0
3909536	2014-09-10 10:00:04	16252	1.0	1	0.0
5832708	2015-04-20 10:00:05	10216	1.0	1	0.0
2891088	2014-07-02 10:00:04	15473	1.0	1	0.0
5834247	2014-08-11 10:00:03	10618	1.0	0	1.0
4605566	2015-02-05 10:00:07	15211	1.0	1	0.0
3895573	2014-03-14 10:00:06	15735	1.0	1	0.0
3097984	2015-02-21 10:00:06	4472	1.0	1	0.0
3194746	2014-03-06 10:00:06	10428	1.0	1	0.0
5679753	2015-01-21 10:00:04	15459	1.0	1	0.0
5532627	2013-06-08 10:00:03	16090	1.0	1	0.0
5862063	2014-08-05 10:00:07	15456	1.0	1	0.0
2080998	2014-01-11 10:00:03	1093	1.0	1	0.0
2752415	2014-02-10 10:00:02	15895	1.0	1	0.0
1048114	2014-10-04 10:00:05	15644	1.0	1	0.0
2264650	2014-11-12 10:00:07	4026	0.0	1	0.0
4742937	2014-05-02 10:00:07	3277	1.0	1	0.0
3249340	2014-09-13 10:00:02	16313	1.0	0	0.0
2478018	2014-03-24 10:00:05	3478	1.0	1	0.0
3323631	2014-09-01 10:00:07	4879	1.0	1	0.0
3042881	2014-02-13 10:00:05	4270	1.0	1	0.0
3521378	2014-06-14 10:00:06	3051	1.0	0	0.0
2564866	2013-11-07 10:00:03	16198	1.0	0	0.0
5182871	2014-09-08 10:00:05	3265	1.0	1	0.0
2348946	2015-03-27 10:00:05	15369	1.0	1	0.0
1863916	2014-09-19 10:00:03	3106	1.0	1	0.0
5422302	2015-10-10 10:00:05	10318	1.0	1	0.0
2892150	2014-07-21 10:00:05	3953	1.0	1	0.0
1935737	2015-09-16 10:00:03	10094	1.0	1	0.0
5786959	2014-09-22 10:00:07	3979	1.0	1	0.0
1349628	2015-09-05 10:00:05	4090	1.0	1	0.0
6018322	2014-10-02 10:00:05	2016	1.0	1	0.0
5517762	2013-06-08 10:00:02	4355	1.0	0	0.0
3853370	2014-01-11 10:00:02	3881	1.0	1	0.0
1077566	2015-06-04 10:00:06	4312	1.0	1	1.0
5877217	2015-01-12 10:00:04	3740	1.0	1	0.0
3693594	2014-06-21 10:00:05	2835	1.0	1	1.0
2946149	2014-04-30 10:00:06	3059	1.0	1	0.0
4727293	2015-06-10 10:00:03	4666	1.0	1	0.0
3752933	2014-09-24 10:00:05	15789	1.0	1	0.0
4999195	2014-12-12 10:00:06	3172	1.0	1	0.0
5173433	2014-04-26 10:00:02	10423	1.0	1	0.0
1720116	2015-10-15 10:00:07	10123	1.0	1	0.0
1959018	2014-07-23 10:00:05	3230	1.0	1	0.0
5182961	2015-05-08 10:00:06	3116	1.0	1	0.0
4026401	2014-04-26 10:00:06	3044	1.0	1	0.0
4535242	2014-08-16 10:00:02	10205	1.0	1	0.0
5982482	2015-02-02 10:00:06	3311	1.0	1	0.0
3067666	2014-08-29 10:00:05	2562	1.0	1	0.0
5029334	2015-04-11 10:00:03	4112	1.0	1	1.0
4169951	2014-07-07 10:00:02	16352	1.0	1	0.0
5391881	2014-02-24 10:00:04	3468	1.0	1	0.0
4334968	2015-10-16 10:00:03	3431	1.0	1	0.0
4202070	2015-03-16 10:00:02	4334	1.0	1	0.0
5431764	2015-06-11 10:00:02	16341	1.0	1	0.0
4201157	2013-08-24 10:00:02	1988	1.0	1	0.0
4834998	2015-01-09 10:00:06	2797	1.0	0	0.0
2129999	2015-01-17 10:00:06	3536	1.0	1	0.0
2815481	2015-09-04 10:00:02	15687	1.0	1	0.0
1364409	2015-06-05 10:00:03	4311	1.0	1	0.0
